file_id	speaker	gender	Welsh	lexeme	vowel	next_cons	dur_vwl	dur_cns	breath_dur_ms	preasp_dur_ms	br	pre	closure_dur_ms	burst_dur_ms	f0_ofst_rt	jitter	shimmer	max_F0	mean_F0	mean_f1_Hz	mean_f2_Hz	mean_f3_Hz	vwl_intensity_dB	zcr_1	zcr_2	zcr_3	zcr_4	zcr_5	zcr_breath	zcr_preasp
Ben-ap-1	1	M	L2	ap	a	p	125	152	0	0	2no	2no	120	22	18	0.033	0.095	107	103	783	1275	2387	75	1640	1680	1540	1440	1125	0	0
Ben-bod-1	1	M	L2	bod	o	d	180	88	0	0	2no	2no	19	59	2	0.064	0.141	106	99	489	883	2979	77	929	1057	1186	957	757	0	0
Ben-budr-1	1	M	L2	budr	u	d	80	302	0	0	2no	2no	77	39	-79	0.042	0.097	115	110	378	1740	2588	77	667	700	667	700	733	0	0
Ben-cip-1	1	M	L2	cip	i	p	67	108	0	0	2no	2no	75	23	34	0.028	0.21	409	185	418	2061	2778	77	850	1167	933	750	750	0	0
Ben-cwd-1	1	M	L2	cwd	u	d	185	102	0	0	2no	2no	41	51	-31	0.027	0.064	120	96	414	907	2842	75	886	800	938	829	700	0	0
Ben-digon-1	1	M	L2	digon	i	g	69	223	0	0	2no	2no	153	-54	-77	0.043	0.155	112	108	361	1997	2587	76	700	633	767	867	550	0	0
Ben-gwlyb-1	1	M	L2	gwlyb	wly	b	NA	148	0	0	2no	2no	82	56	-24	0.011	0.049	124	108	323	1450	2887	75	714	647	564	627	621	0	0
Ben-het-1	1	M	L2	het	e	t	169	199	0	0	2no	2no	110	79	25	0.052	0.159	132	99	735	1845	2726	72	1583	1186	1257	1457	1050	0	0
Ben-pedwar-1	1	M	L2	pedwar	e	d	56	341	0	0	2no	2no	48	43	-78	0.036	0.059	112	107	553	1533	2727	73	1200	1150	1150	1100	600	0	0
Ben-ruban-1	1	M	L2	ruban	ru	b	NA	288	0	0	2no	2no	90	2	-77	0.025	0.259	95	95	367	1680	2710	67	450	750	733	750	600	0	0
Ben-siop-1	1	M	L2	siop	oP	none	146	0	0	0	2no	2no	-10	33	10	0.018	0.352	106	94	611	1322	2775	71	1000	1067	883	1017	780	0	0
Ben-twp-1	1	M	L2	twp	w	p	95	173	0	0	2no	2no	99	64	-8	0.016	0.108	118	110	461	1056	2621	76	867	900	875	825	700	0	0
Ben-atatti-1	1	M	L2	atat ti	a	t	65	317	16	0	1yes	2no	25	94	-79	0.034	0.151	125	119	439	1563	2863	77	750	967	950	900	850	950	0
Ben-bwyty-1	1	M	L2	bwyty	wy	t	NA	225	12	0	1yes	2no	19	99	-79	0.029	0.088	126	105	380	1285	2611	75	850	800	825	650	600	300	0
Ben-gwydr-1	1	M	L2	gwydr	wy	d	NA	255	22	0	1yes	2no	101	32	-79	0.014	0.168	123	115	370	1318	2512	76	500	625	800	875	825	867	0
Ben-patrwm-1	1	M	L2	patrwm	a	tr	93	391	31	0	1yes	2no	74	51	-78	0.028	0.138	112	100	696	1134	2374	72	1433	1475	1375	1367	1525	1660	0
Ben-picio-1	1	M	L2	picio	i	kj	63	309	20	0	1yes	2no	73	43	-77	0.065	0.188	135	119	369	2130	2622	73	600	800	950	1467	650	1433	0
Ben-pobl-1	1	M	L2	pobl	o	b	79	263	21	0	1yes	2no	89	12	-80	0.042	0.255	109	107	566	1081	2780	75	1467	1333	1167	1000	700	767	0
Ben-potel-1	1	M	L2	potel	o	t	88	307	31	0	1yes	2no	74	12	-77	0.027	0.205	132	121	585	1163	3020	74	1000	1500	1467	1375	1333	1520	0
Ben-tatws-1	1	M	L2	tatws	a	t	94	303	29	0	1yes	2no	240	49	-72	0.027	0.191	130	120	816	1376	2936	79	1533	1300	1625	1600	1167	1320	0
Ben-tipyn-2	1	M	L2	tipyn	i	p	48	265	12	0	1yes	2no	72	42	-78	0.041	0.24	107	103	369	1927	2472	69	700	850	950	1200	550	800	0
Ben-toc-1	1	M	L2	toc	o	k	144	136	51	0	1yes	2no	67	59	-7	0.011	0.181	116	110	687	1431	2944	76	1200	1183	1233	1050	820	933	0
Ben-bwyty-2	1	M	L2	bwyty	wy	t	NA	326	16	5	1yes	1yes	43	115	-79	0.011	0.071	118	111	362	1250	2646	77	775	640	575	640	575	500	0
Ben-baban-1	1	M	L2	baban	a	b	100	381	29	7	1yes	1yes	114	11	-78	0.027	0.137	114	105	743	1128	2722	77	1333	1425	1675	1400	1225	1180	0
Ben-eto-1	1	M	L2	eto	e	t	84	374	22	9	1yes	1yes	52	126	-80	0.008	0.145	109	108	635	1758	2688	76	1300	1033	950	800	933	967	200
Ben-guto-1	1	M	L2	guto	u	t	65	321	10	9	1yes	1yes	51	96	-78	0.016	0.45	129	112	287	2247	2614	71	450	500	650	500	1250	1100	1000
Ben-rwdins-1	1	M	L2	rwdins	u	d	100	373	30	13	1yes	1yes	80	33	-78	0.01	0.129	108	104	612	1315	2729	76	850	850	800	875	1533	1280	1000
Ben-pwtyn-1	1	M	L2	pwtyn	w	t	55	291	27	17	1yes	1yes	34	96	-79	0.036	0.149	122	112	522	1207	2935	72	950	850	1000	950	850	875	1100
Ben-atatti-1	1	M	L2	atat ti	a	t	52	179	20	17	1yes	1yes	23	73	-77	0.01	0.118	116	115	724	1387	2803	78	900	950	1050	1350	500	900	1300
Ben-betws-1	1	M	L2	betws	e	t	94	424	38	17	1yes	1yes	39	77	-62	0.02	0.15	118	112	532	1586	2662	79	1200	1125	1225	1600	1267	1371	2400
Ben-bedydd-1	1	M	L2	bedydd	e	d	90	264	11	18	1yes	1yes	78	39	-77	0.021	0.146	106	105	623	1736	2604	77	1167	1250	1267	1350	1000	800	1200
Ben-odl-1	1	M	L2	odl	o	d	56	251	25	18	1yes	1yes	77	37	-77	0.038	0.312	103	95	698	1633	3353	70	1600	1500	1500	1800	1150	1375	1733
Ben-cwpan-1	1	M	L2	cwpan	w	p	57	352	20	19	1yes	1yes	60	63	-78	0.033	0.161	128	117	463	1149	2932	74	700	750	700	933	800	867	833
Ben-tipyn-1	1	M	L2	tipyn	i	p	45	347	9	19	1yes	1yes	89	29	-80	0.064	0.221	133	120	370	2026	2502	76	900	700	750	1000	700	600	967
Ben-lwcus-1	1	M	L2	lwcus	lw	k	NA	391	11	21	1yes	1yes	58	66	-67	0.027	0.156	112	108	418	959	2686	76	800	725	850	867	625	600	1333
Ben-cwt-1	1	M	L2	cwt	w	t	151	145	76	21	1yes	1yes	44	70	1	0.016	0.147	124	115	497	1242	2919	74	833	900	900	1100	1640	1243	1600
Ben-meipen-1	1	M	L2	meipen	ei	p	107	401	31	22	1yes	1yes	101	80	-79	0.017	0.133	113	109	429	2410	3174	74	800	775	450	440	567	500	2133
Ben-diogel-1	1	M	L2	diogel	io	g	121	299	11	23	1yes	1yes	67	19	-77	0.023	0.193	118	114	485	1499	2407	79	725	880	940	1120	800	400	1050
Ben-lapio-1	1	M	L2	lapio	a	pj	88	290	29	24	1yes	1yes	77	77	-79	0.019	0.169	105	103	696	1234	2735	74	1233	1475	1633	1350	1200	1240	1725
Ben-cacen-1	1	M	L2	cacen	a	k	81	337	27	25	1yes	1yes	49	63	-80	0.018	0.233	116	111	671	1460	2385	75	1233	1367	1433	1733	1800	1925	1725
Ben-brat-2	1	M	L2	brat	ra	t	114	126	39	26	1yes	1yes	19	71	-7	0.008	0.177	109	107	732	1395	2403	78	1275	1360	1375	1080	1250	1171	2350
Ben-paced-1	1	M	L2	paced	a	k	96	332	35	26	1yes	1yes	42	51	-70	0.07	0.284	114	107	778	1328	2619	75	1500	1375	1600	1625	1567	1567	2125
Ben-sut-1	1	M	L2	sut	u	t	109	145	32	28	1yes	1yes	30	77	-72	0.074	0.152	101	93	446	1821	2538	73	900	925	1000	925	1450	1420	3280
Ben-atal-1	1	M	L2	atal	a	t	81	345	42	30	1yes	1yes	23	92	-80	0.015	0.163	110	108	870	1458	2710	72	1333	1367	1333	1600	1267	1414	2620
Ben-clec-1	1	M	L2	clec	e	k	101	130	35	30	1yes	1yes	52	38	-4	0.082	0.179	105	97	681	1314	2604	74	1025	1175	1450	1525	1500	1500	1440
Ben-pecyn-1	1	M	L2	pecyn	e	k	79	346	25	31	1yes	1yes	52	59	-79	0.069	0.241	116	105	712	1818	2883	73	1333	1133	1233	1533	1600	1675	2880
Ben-roced-1	1	M	L2	roced	ro	k	NA	386	18	31	1yes	1yes	46	61	-73	0.031	0.187	120	112	514	1269	2533	78	820	917	1120	1200	1460	1433	1360
Ben-blodyn-1	1	M	L2	blodyn	lo	d	NA	394	28	32	1yes	1yes	73	36	-78	0.023	0.179	122	109	510	957	2903	78	800	960	1100	1100	960	980	1800
Ben-dagr-1	1	M	L2	dagr	a	g	103	344	34	32	1yes	1yes	95	37	-78	0.027	0.173	126	109	671	1284	2428	79	1300	1550	1650	1575	1325	1533	2460
Ben-llety-1	1	M	L2	llety	e	t	88	306	30	35	1yes	1yes	46	93	-77	0.023	0.229	110	107	667	1720	2733	77	1200	1100	1433	1750	1100	1600	2567
Ben-capel-1	1	M	L2	capel	a	p	63	337	13	36	1yes	1yes	88	47	-79	0.052	0.374	103	101	789	1358	2451	77	1200	1333	1450	1500	1200	1200	1483
Ben-dadl-1	1	M	L2	dadl	a	d	96	317	25	42	1yes	1yes	74	42	-77	0.031	0.203	105	100	701	1230	2657	78	1267	1500	1675	1400	1700	1575	2229
Ben-taclus-1	1	M	L2	taclus	a	kl	100	387	18	43	1yes	1yes	30	81	-73	0.022	0.224	120	110	735	1435	2643	76	1175	1150	1350	1725	1933	1800	1975
Ben-cot-1	1	M	L2	cot	o	t	185	168	23	49	1yes	1yes	36	73	-3	0.019	0.125	112	100	525	953	2623	76	1157	1300	1025	1014	1129	975	2333
Ben-cacen-2	1	M	L2	cacen	a	k	70	347	18	52	1yes	1yes	53	67	-79	0.015	0.229	103	101	747	1360	2254	72	1500	1233	1433	1933	1600	1500	2544
Ben-lwc-1	1	M	L2	lwc	w	k	110	203	21	53	1yes	1yes	68	72	0.6	0.011	0.11	108	103	436	895	3029	78	875	975	860	825	725	800	1550
Ben-tocyn-1	1	M	L2	tocyn	o	k	82	329	14	55	1yes	1yes	41	73	-80	0.026	0.068	116	106	575	989	2501	79	1100	1133	1333	1450	1400	1100	1670
Ben-tap-1	1	M	L2	tap	a	p	133	191	0	56	2no	1yes	76	49	-3	0.018	0.16	100	93	738	1122	2467	76	1600	1460	1480	1267	1360	0	1630
Ben-cic-1	1	M	L2	cic	i	k	106	216	15	56	1yes	1yes	79	71	-3	0.03	0.172	111	101	407	2156	2690	72	800	800	800	750	800	500	1670
Ben-hac-1	1	M	L2	hac	a	k	115	219	24	71	1yes	1yes	71	68	-6	0.029	0.135	136	125	782	1312	2756	79	1450	1600	1475	1600	1475	1400	2338
Ben-brat-1	1	M	L2	brat	a	t	159	216	40	73	1yes	1yes	27	105	-2	0.015	0.103	113	104	805	1414	2625	75	1450	1567	1486	1450	1750	1743	2043
Cath-bod-1	2	F	L2	bod	o	d	207	95	0	0	2no	2no	2	83	-45	0.01	0.045	193	190	544	937	2691	78	1125	1150	1138	1133	1014	0	0
Cath-odl-1	2	F	L2	odl	o	d	60	278	0	0	2no	2no	98	19	-79	0.026	0.108	213	193	692	933	2717	76	1600	1600	1500	1200	800	0	0
Cath-pedwar-1	2	F	L2	pedwar	e	d	54	376	0	0	2no	2no	75	45	-79	0.018	0.095	225	215	687	2025	2834	79	1300	1250	1300	1350	1050	0	0
Cath-pobl-1	2	F	L2	pobl	o	b	64	285	0	0	2no	2no	112	4	-79	0.011	0.082	210	203	617	1035	2390	81	1250	1200	1200	1200	700	0	0
Cath-ruban-1	2	F	L2	ruban	u	b	60	452	0	0	2no	2no	134	6	-79	0.007	0.084	243	235	439	2139	2993	80	1300	950	933	1200	750	0	0
Cath-tipyn-2	2	F	L2	tipyn	i	p	46	391	0	0	2no	2no	99	37	-79	0.028	0.164	231	214	383	2394	2915	68	900	900	800	800	500	0	0
Cath-cwd-1	2	F	L2	cwd	w	d	219	154	0	0	2no	2no	80	65	-16	0.011	0.047	211	187	426	985	2747	75	800	756	922	1067	838	0	0
Cath-cwpan-1	2	F	L2	cwpan	kwp	none	NA	0	0	0	2no	2no	-40	40	51	0.059	0.163	448	292	765	1700	2990	56	3440	1820	2960	3764	1844	0	0
Cath-rwdins-1	2	F	L2	rwdins	rw	d	123	563	0	0	2no	2no	102	12	-75	0.012	0.069	228	216	402	1390	2537	74	1650	880	880	840	680	0	0
Cath-baban-1	2	F	L2	baban	a	b	82	501	31	0	1yes	2no	126	11	-80	0.011	0.094	219	212	811	1229	2528	79	1567	2000	1767	1950	1800	1920	0
Cath-gwydr-1	2	F	L2	gwydr	wy	d	NA	371	18	0	1yes	2no	94	21	-78	0.027	0.139	215	205	401	2003	2698	75	850	800	800	900	750	600	0
Cath-tipyn-1	2	F	L2	tipyn	i	p	67	412	22	0	1yes	2no	90	52	-79	0.022	0.081	230	209	416	2436	2909	74	850	833	833	800	700	733	0
Cath-petawn-1	2	F	L2	petawn	e	none	46	0	20	5	1yes	1yes	43	79	5	0.02	0.104	217	215	673	1925	2879	76	1400	1250	1400	1600	500	1233	0
Cath-digon-1	2	F	L2	digon	i	g	54	441	17	9	1yes	1yes	94	23	-80	0.038	0.099	225	210	368	2717	3191	72	950	900	800	900	1800	1600	1300
Cath-budr-1	2	F	L2	budr	u	d	74	384	19	11	1yes	1yes	92	22	-79	0.01	0.081	209	205	421	2300	3204	75	800	867	933	800	600	600	1700
Cath-meipen-1	2	F	L2	meipen	ei	p	121	428	36	14	1yes	1yes	108	62	-79	0.009	0.058	230	223	418	2736	3403	77	2125	960	1300	1920	4100	3500	750
Cath-twp-1	2	F	L2	twp	w	p	124	232	29	16	1yes	1yes	105	101	-15	0.02	0.074	212	198	522	1014	2676	75	1200	1200	1120	1160	1000	1040	1150
Cath-cot-1	2	F	L2	cot	o	t	191	167	21	16	1yes	1yes	55	87	-3	0.011	0.066	210	193	582	1053	2547	81	1214	1150	1157	1100	1143	1100	1300
Cath-picio-1	2	F	L2	picio	i	kj	53	412	20	16	1yes	1yes	106	91	-80	0.029	0.105	247	232	401	2798	3351	74	2050	3750	2850	2650	2950	3333	1600
Cath-pwtyn-1	2	F	L2	pwtyn	w	t	58	487	26	19	1yes	1yes	79	97	-79	0.045	0.239	249	227	411	1136	2628	77	950	900	1033	1800	650	1375	2233
Cath-lwcus-1	2	F	L2	lwcus	w	k	49	601	18	23	1yes	1yes	64	67	-49	0.038	0.102	233	230	469	1208	2792	79	900	900	1300	1550	1600	1500	1175
Cath-llety-1	2	F	L2	llety	e	t	65	361	22	25	1yes	1yes	70	101	-79	0.027	0.134	211	207	667	1916	2835	80	1200	1267	1200	1267	1400	1300	3150
Cath-bedydd-1	2	F	L2	bedydd	e	d	61	385	9	27	1yes	1yes	101	24	-79	0.02	0.173	207	205	703	2007	2776	80	1300	1200	1267	1200	1200	800	2300
Cath-atatti-1	2	F	L2	atat ti	a	t	61	232	9	28	1yes	1yes	65	66	-80	0.031	0.222	212	210	923	1431	2635	79	2150	1800	2000	1750	2150	1300	2300
Cath-blodyn-1	2	F	L2	blodyn	lo	d	NA	438	21	28	1yes	1yes	110	21	-79	0.01	0.132	203	201	624	953	2707	79	1200	1200	1267	1233	1050	1133	1320
Cath-siop-1	2	F	L2	siop	o	p	125	179	17	28	1yes	1yes	93	48	-5	0.016	0.105	205	195	660	1291	2372	79	1250	1360	1680	1420	1180	1450	1560
Cath-dadl-1	2	F	L2	dadl	a	d	61	361	15	30	1yes	1yes	68	30	-79	0.013	0.101	211	207	752	1302	2574	78	1400	1600	1467	1450	1350	1200	1900
Cath-capel-1	2	F	L2	capel	a	p	65	409	13	31	1yes	1yes	81	46	-79	0.026	0.065	242	237	835	1411	2476	79	1900	1900	1850	1900	1350	1050	3180
Cath-sut-1	2	F	L2	sut	u	t	117	201	16	32	1yes	1yes	68	91	-17	0.019	0.116	199	192	557	2183	2980	76	1025	1380	1220	1150	1050	800	2240
Cath-atal-1	2	F	L2	atal	a	t	79	427	15	33	1yes	1yes	57	76	-79	0.022	0.094	211	199	834	1312	2617	73	1533	1533	1600	1600	1467	1550	1567
Cath-patrwm-1	2	F	L2	patrwm	a	tr	66	574	9	33	1yes	1yes	53	151	-79	0.01	0.065	225	222	874	1366	2589	85	1800	1333	1800	1933	1700	900	2067
Cath-cip-1	2	F	L2	cip	i	p	100	44	10	34	1yes	1yes	168	110	-68	0.01	0.089	206	200	592	2407	2929	75	2150	2050	1400	1175	1200	800	1683
Cath-bwyty-1	2	F	L2	bwyty	wy	t	NA	372	26	35	1yes	1yes	19	133	-80	0.013	0.07	225	211	396	1846	2793	76	850	850	880	850	1275	1275	1433
Cath-atatti-1	2	F	L2	atat ti	a	t	73	424	8	37	1yes	1yes	39	132	-80	0.02	0.117	204	200	779	1431	2635	80	1450	1600	1600	1600	1067	400	2217
Cath-lapio-1	2	F	L2	lapio	a	pj	50	422	13	38	1yes	1yes	102	83	-80	0.012	0.1	210	204	886	1304	2714	76	1600	1750	1850	1700	1400	1000	2557
Cath-taclus-1	2	F	L2	taclus	a	kl	70	374	7	38	1yes	1yes	68	70	-79	0.041	0.12	210	202	865	1444	2622	80	1350	1600	2000	2100	1750	0	2214
Cath-tocyn-1	2	F	L2	tocyn	o	k	69	389	18	38	1yes	1yes	60	74	-80	0.018	0.079	203	201	650	1154	2579	78	1200	1200	1233	1367	1100	1133	1500
Cath-paced-1	2	F	L2	paced	a	k	54	347	13	39	1yes	1yes	63	51	-79	0.019	0.132	218	215	884	1379	2498	79	1800	1650	1750	2050	1500	1300	2486
Cath-pecyn-1	2	F	L2	pecyn	e	k	61	441	15	40	1yes	1yes	69	75	-80	0.017	0.115	222	218	810	2011	2817	78	1550	1700	1400	2100	2250	1850	3614
Cath-potel-1	2	F	L2	potel	o	t	61	486	19	40	1yes	1yes	76	76	-79	0.014	0.14	227	214	636	934	2543	78	1400	1550	1733	1700	1550	1433	2500
Cath-tap-1	2	F	L2	tap	a	p	124	224	19	40	1yes	1yes	103	71	3	0.016	0.075	197	183	853	1371	2492	80	1575	1880	1840	1840	2020	1733	2171
Cath-cacen-1	2	F	L2	cacen	a	k	64	421	11	41	1yes	1yes	58	78	-80	0.015	0.111	223	220	942	1559	2352	80	1350	1633	2250	2467	1650	1700	2829
Cath-diogel-1	2	F	L2	diogel	io	g	117	425	10	41	1yes	1yes	74	24	-80	0.012	0.118	224	198	553	1837	2609	77	850	1360	1160	1350	1750	900	1957
Cath-bwyty-2	2	F	L2	bwyty	wy	t	NA	476	26	42	1yes	1yes	99	104	-80	0.014	0.086	225	218	388	1707	2770	79	850	900	860	960	1800	1750	3086
Cath-cwt-1	2	F	L2	cwt	w	t	109	240	18	43	1yes	1yes	67	120	-12	0.011	0.067	213	197	535	1047	2557	75	1225	1150	1160	1150	1200	1133	1750
Cath-guto-1	2	F	L2	guto	u	t	58	427	19	45	1yes	1yes	71	68	-79	0.029	0.107	224	221	429	2596	3067	77	1350	1200	900	2267	650	1567	3200
Cath-eto-1	2	F	L2	eto	e	t	59	414	19	47	1yes	1yes	51	112	-79	0.032	0.175	235	217	851	1868	2578	79	1750	1650	2000	1950	1300	1433	2450
Cath-dagr-1	2	F	L2	dagr	a	g	89	330	12	50	1yes	1yes	63	25	-79	0.017	0.112	245	203	850	1425	2541	77	1400	1700	1600	2100	2000	1800	2789
Cath-betws-1	2	F	L2	betws	e	t	70	643	20	51	1yes	1yes	58	84	-51	0.02	0.109	223	220	756	1911	2675	82	1300	1300	1333	1900	1500	1733	2711
Cath-het-1	2	F	L2	het	e	t	99	198	11	53	1yes	1yes	52	83	4	0.014	0.084	227	205	912	1755	2564	77	1733	2000	1950	1675	1725	1400	1890
Cath-tatws-1	2	F	L2	tatws	a	t	54	410	17	55	1yes	1yes	29	98	-69	0.019	0.108	221	219	849	1357	2549	80	1650	1400	2100	2000	1350	1650	3270
Cath-clec-1	2	F	L2	clec	e	k	72	239	11	56	1yes	1yes	124	49	-3	0.015	0.109	191	184	814	1509	2452	79	1450	1500	1733	1867	1800	1600	2530
Cath-cacen-2	2	F	L2	cacen	a	k	59	448	12	57	1yes	1yes	80	44	-79	0.015	0.092	219	207	889	1530	2493	78	1600	1650	1867	2200	1500	1700	2960
Cath-toc-1	2	F	L2	toc	o	k	116	248	13	57	1yes	1yes	88	94	4	0.018	0.101	210	200	777	1192	2412	79	1600	1600	1550	1600	1525	1150	2150
Cath-ap-1	2	F	L2	ap	a	p	160	215	14	60	1yes	1yes	108	37	1	0.013	0.062	200	190	922	1411	2605	77	2483	2550	2600	2400	2100	1550	2227
Cath-hac-1	2	F	L2	hac	a	k	129	273	11	61	1yes	1yes	114	88	-0.6	0.014	0.061	217	202	1021	1486	2717	80	2940	2840	2540	2700	1920	1300	3073
Cath-brat-2	2	F	L2	brat	ra	t	NA	287	18	63	1yes	1yes	62	152	0.3	0.015	0.088	204	194	788	1377	2401	79	1320	1567	1950	2050	1960	1567	2433
Cath-roced-1	2	F	L2	roced	ro	k	73	466	9	63	1yes	1yes	81	77	-78	0.014	0.201	228	219	671	1297	2317	80	1150	1433	1333	1467	1133	400	2225
Cath-lwc-1	2	F	L2	lwc	w	k	97	211	10	65	1yes	1yes	65	71	-4	0.01	0.079	202	194	551	1058	2552	77	1200	1150	1150	1150	1267	1000	1517
Cath-cic-1	2	F	L2	cic	i	k	117	307	17	76	1yes	1yes	112	110	-8	0.014	0.075	207	193	639	2316	2832	76	1200	1480	1180	1125	1375	1400	3493
Cath-brat-1	2	F	L2	brat	a	t	150	316	20	88	1yes	1yes	63	155	-0.002	0.009	0.064	206	194	817	1398	2372	80	1320	1567	1950	2100	1917	1667	2488
Chloe-bod-1	3	F	L2	bod	o	d	196	121	0	0	2no	2no	76	35	-21	0.006	0.054	196	163	522	1026	2784	70	1071	1088	1050	1050	971	0	0
Chloe-budr-1	3	F	L2	budr	u	d	46	368	0	0	2no	2no	126	19	-80	0.01	0.146	92	91	450	1998	2865	64	900	850	950	850	400	0	0
Chloe-gwlyb-1	3	F	L2	gwlyb	wly	b	NA	100	0	0	2no	2no	62	27	-33	0.01	0.057	221	183	441	1644	3115	68	822	1010	1150	1030	1000	0	0
Chloe-gwydr-1	3	F	L2	gwydr	wy	d	NA	313	0	0	2no	2no	93	12	-73	0.023	0.08	199	195	398	1692	2571	69	867	767	767	800	667	0	0
Chloe-hac-1	3	F	L2	hac	kCONT	none	86	0	0	0	2no	2no	-167	81	3	0.072	0.411	388	372	622	1807	2996	51	2667	2433	2000	867	1100	0	0
Chloe-odl-1	3	F	L2	odl	o	d	50	197	0	0	2no	2no	71	15	-78	0.032	0.103	196	192	447	1256	2860	60	750	800	950	2600	3000	0	0
Chloe-patrwm-1	3	F	L2	patrwm	a	tr	58	356	0	0	2no	2no	44	79	-80	0.028	0.096	199	189	459	1465	2855	61	850	800	800	767	650	0	0
Chloe-pedwar-1	3	F	L2	pedwar	e	d	64	393	0	0	2no	2no	79	39	-74	0.017	0.221	98	95	462	1926	2923	61	1100	1067	950	700	900	0	0
Chloe-pobl-1	3	F	L2	pobl	o	b	44	273	0	0	2no	2no	78	28	-79	0.044	0.099	234	210	428	949	2603	66	900	900	800	700	200	0	0
Chloe-ruban-1	3	F	L2	ruban	ru	b	NA	417	0	0	2no	2no	103	14	-79	0.01	0.079	203	198	382	1970	3053	70	800	800	800	800	850	0	0
Chloe-taclus-1	3	F	L2	taclus	aDSFL	k	76	339	0	0	2no	2no	234	95	-79	0.027	0.145	200	193	789	1810	2745	63	1200	1000	1333	2867	2550	0	0
Chloe-tatws-1	3	F	L2	tatws	tat	none	284	0	0	0	2no	2no	-57	57	22	0.09	0.278	514	367	704	1735	3083	45	4755	2800	3350	3409	4936	0	0
Chloe-tipyn-2	3	F	L2	tipyn	i	p	37	379	0	0	2no	2no	85	16	-79	0.063	0.284	200	194	394	2017	3241	65	800	700	800	800	600	0	0
Chloe-cwd-1	3	F	L2	cwd	w	d	184	149	0	0	2no	2no	116	23	-40	0.009	0.084	220	183	416	1003	2637	67	800	1071	1075	1071	686	0	0
Chloe-cwpan-1	3	F	L2	cwpan	w	p	49	368	0	0	2no	2no	92	39	-80	0.034	0.175	236	216	393	1823	3153	63	1000	900	850	800	1500	0	0
Chloe-lwc-1	3	F	L2	lwc	lw	none	NA	0	0	0	2no	2no	91	52	1	0.011	0.084	189	182	512	1074	2848	69	1133	1100	1100	1050	775	0	0
Chloe-pwtyn-1	3	F	L2	pwtyn	w	t	45	296	0	0	2no	2no	67	53	-80	0.072	0.117	183	181	433	1448	2958	61	800	750	1000	650	300	0	0
Chloe-rwdins-1	3	F	L2	rwdins	w	d	76	375	0	0	2no	2no	85	13	-76	0.026	0.08	208	201	412	1381	2848	66	900	800	800	733	650	0	0
Chloe-cwt-1	3	F	L2	cwt	w	t	136	193	35	0	1yes	2no	94	89	-25	0.018	0.1	226	190	452	1194	2672	68	820	1060	1117	1100	1600	1533	0
Chloe-baban-1	3	F	L2	baban	a	b	88	339	26	0	1yes	2no	113	15	-80	0.008	0.129	188	186	662	1358	2540	67	1167	1500	1033	1325	1233	1550	0
Chloe-blodyn-1	3	F	L2	blodyn	o	d	43	302	21	0	1yes	2no	89	13	-79	0.025	0.118	190	175	423	1504	3013	62	1100	900	750	2500	2400	2433	0
Chloe-capel-1	3	F	L2	capel	a	p	63	339	19	0	1yes	2no	96	45	-80	0.024	0.142	220	192	616	1529	2854	60	1050	867	1150	1433	1300	1700	0
Chloe-cip-1	3	F	L2	cip	i	p	100	118	20	0	1yes	2no	99	9	-56	0.009	0.085	203	187	391	2292	2942	66	833	750	725	725	650	600	0
Chloe-cot-1	3	F	L2	cot	o	t	186	175	35	0	1yes	2no	63	102	-11	0.009	0.063	204	185	521	1071	2663	69	1014	1129	1075	1071	971	917	0
Chloe-dadl-1	3	F	L2	dadl	a	d	112	262	41	0	1yes	2no	94	18	-79	0.013	0.077	215	192	513	1491	2630	65	950	850	960	2375	2975	2814	0
Chloe-guto-1	3	F	L2	guto	u	t	47	275	16	0	1yes	2no	62	73	-79	0.017	0.125	198	195	379	2392	2781	67	800	800	800	800	500	650	0
Chloe-meipen-1	3	F	L2	meipen	ei	p	103	399	35	0	1yes	2no	73	34	-79	0.008	0.092	185	182	426	2426	3136	66	1075	925	725	725	900	883	0
Chloe-petawn-1	3	F	L2	petawn	e	t	56	408	13	0	1yes	2no	39	56	-80	0.026	0.1	226	204	478	1839	2788	67	800	800	800	833	600	400	0
Chloe-sut-1	3	F	L2	sut	u	t	135	171	33	0	1yes	2no	66	95	-20	0.017	0.124	207	185	441	2006	3131	65	820	1060	1100	1060	1340	1200	0
Chloe-tipyn-1	3	F	L2	tipyn	i	p	61	358	18	0	1yes	2no	88	21	-80	0.023	0.123	224	202	399	2086	3302	68	850	800	800	800	1350	1067	0
Chloe-tâp-1	3	F	L2	tâp	a	p	164	154	40	0	1yes	2no	126	17	-4	0.027	0.096	197	179	740	1378	2560	64	1333	1557	1600	1371	1483	1471	0
Chloe-brat-1	3	F	L2	brat	ra	t	NA	205	33	6	1yes	1yes	83	107	-3	0.01	0.067	185	177	575	1384	2232	68	1167	1383	1367	1033	1333	1233	0
Chloe-potel-1	3	F	L2	potel	o	t	45	334	0	9	2no	1yes	60	60	-79	0.014	0.175	198	193	517	1012	2718	61	800	750	750	1500	1200	0	1200
Chloe-atal-1	3	F	L2	atal	a	t	41	326	0	10	2no	1yes	77	51	-79	0.029	0.144	191	188	342	1469	2693	57	800	850	1100	1900	900	0	900
Chloe-digon-1	3	F	L2	digon	i	g	77	330	38	12	1yes	1yes	73	21	-79	0.018	0.113	209	196	370	2220	2994	69	867	800	733	2067	1850	1571	1100
Chloe-tocyn-1	3	F	L2	tocyn	o	k	79	430	27	12	1yes	1yes	73	44	-79	0.018	0.105	221	206	477	1106	2662	67	867	800	800	800	667	750	1400
Chloe-lwcus-1	3	F	L2	lwcus	lw	k	NA	368	29	14	1yes	1yes	59	47	-66	0.03	0.153	204	196	489	1254	3202	68	733	833	767	1250	1300	1320	850
Chloe-cacen-2	3	F	L2	cacen	a	k	59	381	15	14	1yes	1yes	78	57	-79	0.023	0.111	217	198	588	1506	2178	64	1200	1200	1000	1300	1200	1350	1700
Chloe-bedydd-1	3	F	L2	bedydd	e	d	77	334	33	15	1yes	1yes	96	15	-79	0.012	0.118	205	200	448	1954	2909	61	967	800	800	1067	650	800	1700
Chloe-bwyty-1	3	F	L2	bwyty	wy	t	NA	316	38	16	1yes	1yes	35	90	-80	0.021	0.1	200	194	372	1842	2924	69	800	800	750	950	1400	1200	1100
Chloe-cacen-1	3	F	L2	cacen	a	k	66	366	22	16	1yes	1yes	58	44	-79	0.031	0.308	193	185	661	1461	2511	59	950	1033	800	2000	1850	2000	2000
Chloe-brat-2	3	F	L2	brat	ra	t	NA	137	36	17	1yes	1yes	50	60	-2	0.009	0.084	194	180	610	1453	2183	68	1380	1560	1433	1140	1400	1383	2150
Chloe-picio-1	3	F	L2	picio	i	kj	32	362	0	18	2no	1yes	92	78	-79	0.03	0.176	209	202	380	2143	2511	58	800	800	800	700	--undefined--	0	1467
Chloe-pecyn-1	3	F	L2	pecyn	e	k	85	370	32	18	1yes	1yes	86	49	-80	0.027	0.104	225	197	544	1954	2878	62	1133	1200	850	1267	1800	1580	2500
Chloe-llety-1	3	F	L2	llety	e	t	67	280	15	19	1yes	1yes	79	53	-79	0.02	0.17	204	145	474	1813	3131	63	1000	1233	1033	950	800	700	2233
Chloe-eto-1	3	F	L2	eto	e	t	68	308	25	20	1yes	1yes	54	78	-80	0.028	0.132	186	184	538	1887	3007	62	1100	1400	1233	1500	2700	2625	1967
Chloe-dagr-1	3	F	L2	dagr	a	g	87	292	31	21	1yes	1yes	80	20	-78	0.02	0.125	215	197	833	1537	2682	66	1200	1200	1150	1867	3133	2620	2700
Chloe-lapio-1	3	F	L2	lapio	a	pj	54	370	26	21	1yes	1yes	100	55	-79	0.009	0.152	203	182	786	1604	2989	64	900	850	1650	2700	1400	2225	2133
Chloe-het-1	3	F	L2	het	e	t	158	183	68	22	1yes	1yes	81	70	-2	0.043	0.117	210	189	587	1828	2674	63	1467	1583	1900	1414	1233	1338	2800
Chloe-toc-1	3	F	L2	toc	o	k	130	182	20	24	1yes	1yes	95	53	-14	0.015	0.085	236	190	519	1190	2613	66	1160	1260	1240	1100	1220	1267	1500
Chloe-diogel-1	3	F	L2	diogel	io	g	89	319	22	25	1yes	1yes	90	19	-80	0.012	0.135	209	201	534	1651	2641	67	967	800	800	900	1467	1700	1775
Chloe-paced-1	3	F	L2	paced	a	k	74	340	18	25	1yes	1yes	69	30	-75	0.024	0.093	212	202	614	1384	2258	66	1350	1433	1200	733	1533	1467	2500
Chloe-roced-1	3	F	L2	roced	ro	k	NA	380	25	26	1yes	1yes	67	50	-78	0.03	0.138	192	186	526	1402	2835	65	775	1125	975	825	1375	1350	1825
Chloe-betws-1	3	F	L2	betws	e	t	66	396	32	28	1yes	1yes	58	74	-73	0.032	0.114	201	195	509	1676	2840	63	1300	1200	900	1867	1750	1800	2740
Chloe-clec-1	3	F	L2	clec	le	k	94	144	24	36	1yes	1yes	67	31	-52	0.085	--undefined--	217	123	606	1474	2701	60	1233	1275	1500	1725	2300	2250	3500
Chloe-cic-1	3	F	L2	cic	i	k	125	157	50	42	1yes	1yes	49	55	-4	0.013	0.128	210	183	510	2166	3061	68	1040	1100	1060	1220	1425	1311	2057
Chloe-ap-1	3	F	L2	ap	a	p	128	251	36	48	1yes	1yes	126	66	-5	0.014	0.17	185	173	713	1404	2332	67	1440	1440	1360	1400	2060	2000	2889
Chloe-hac-1	3	F	L2	hac	a	k	143	400	28	58	1yes	1yes	176	81	-75	0.114	0.273	177	175	762	1350	2468	61	1360	1583	1767	1620	1800	1780	3082
Emily-bod-1	4	F	L2	bod	o	d	252	124	0	0	2no	2no	81	32	-26	0.002	0.026	230	226	647	1040	3255	76	1330	1370	1350	1350	1289	0	0
Emily-cig-1	4	F	L2	cig	i	g	230	120	0	0	2no	2no	76	34	-30	0.011	0.057	271	229	468	2734	3337	68	989	922	922	867	833	0	0
Emily-clec-1	4	F	L2	clec	le	k	NA	235	0	0	2no	2no	124	101	42	0.016	0.075	224	211	802	1509	2620	71	1400	1660	1650	1680	2000	0	0
Emily-gwlyb-1	4	F	L2	gwlyb	wly	b	NA	210	0	0	2no	2no	88	112	-0.4	0.018	0.048	262	175	530	1843	3162	69	967	1025	1246	1108	1142	0	0
Emily-odl-1	4	F	L2	odl	o	d	75	280	0	0	2no	2no	112	17	-79	0.015	0.095	112	110	715	1048	2963	72	1550	1567	1200	1133	900	0	0
Emily-pobl-1	4	F	L2	pobl	o	b	67	330	0	0	2no	2no	105	23	-80	0.015	0.094	270	247	710	1023	2759	77	1600	1467	1433	1400	1100	0	0
Emily-popeth-1	4	F	L2	popeth	o	p	54	360	0	0	2no	2no	92	31	-70	0.018	0.099	256	242	683	1033	2916	72	1400	1500	1400	1400	950	0	0
Emily-cwpan-1	4	F	L2	cwpan	w	p	68	459	0	0	2no	2no	111	59	-79	0.023	0.052	279	265	495	815	2867	73	1100	1100	1067	1000	700	0	0
Emily-bwyty-1	4	F	L2	bwyty	wy	t	NA	346	17	0	1yes	2no	88	38	-79	0.029	0.057	260	241	461	1568	2874	69	975	1000	950	1040	1175	1550	0
Emily-blodyn-1	4	F	L2	blodyn	lo	d	NA	367	41	4	1yes	1yes	72	41	-79	0.011	0.045	231	225	581	1000	3081	69	1025	1320	1350	1340	1225	1271	0
Emily-pwtyn-1	4	F	L2	pwtyn	w	t	66	399	20	7	1yes	1yes	79	103	-80	0.028	0.073	261	246	474	1122	3065	72	1050	933	1000	1067	1000	967	0
Emily-ruban-1	4	F	L2	ruban	ru	b	NA	427	21	7	1yes	1yes	126	17	-79	0.02	0.067	256	247	450	2144	3182	68	1000	1000	1000	975	867	1033	0
Emily-tipyn-2	4	F	L2	tipyn	i	p	84	397	17	10	1yes	1yes	92	63	-80	0.026	0.085	268	247	473	2485	3153	69	1033	1000	1000	900	667	750	1300
Emily-tipyn-1	4	F	L2	tipyn	i	p	84	399	29	12	1yes	1yes	79	58	-80	0.04	0.113	256	239	457	2514	3297	68	1067	1000	950	900	1000	940	1000
Emily-budr-1	4	F	L2	budr	u	d	67	429	19	13	1yes	1yes	128	38	-79	0.027	0.127	253	247	471	2223	3259	67	1000	1000	1000	1400	1350	1200	1250
Emily-cip-1	4	F	L2	cip	i	p	136	185	44	13	1yes	1yes	84	78	-1	0.013	0.06	279	252	510	2565	3241	73	1060	1040	1000	960	1080	988	1200
Emily-picio-1	4	F	L2	picio	i	kj	48	410	0	14	2no	1yes	144	60	-79	0.032	0.157	271	249	408	2420	3021	63	1100	1000	950	950	850	0	1450
Emily-petawn-1	4	F	L2	petawn	e	t	63	585	16	16	1yes	1yes	52	75	-80	0.022	0.113	267	257	664	2071	2951	70	1150	1267	1050	1133	850	1250	1550
Emily-atatti-1	4	F	L2	atat ti	a	t	57	502	0	18	2no	1yes	56	83	-78	0.021	0.089	280	265	379	2364	3239	68	1200	1200	1100	1133	1300	0	2233
Emily-lwc-1	4	F	L2	lwc	lw	k	NA	405	27	18	1yes	1yes	143	234	0.4	0.014	0.044	254	205	475	935	3184	68	1025	950	1338	1225	1288	1475	1267
Emily-cot-1	4	F	L2	cot	o	t	241	180	30	18	1yes	1yes	47	106	-0.3	0.012	0.052	272	222	650	1071	2934	74	1333	1310	1289	1270	1233	1200	3033
Emily-patrwm-1	4	F	L2	patrwm	a	tr	68	434	16	18	1yes	1yes	58	111	-79	0.015	0.105	226	217	793	1387	2037	71	1600	1733	1967	1550	1433	1650	1500
Emily-brat-2	4	F	L2	brat	ra	t	NA	201	24	19	1yes	1yes	68	104	3	0.02	0.131	225	152	798	1336	2300	70	1333	1671	1657	1700	1529	1400	2400
Emily-llety-1	4	F	L2	llety	e	t	83	310	18	20	1yes	1yes	68	80	-79	0.011	0.098	245	235	690	1855	2852	71	1300	1433	1400	1450	900	900	1200
Emily-cacen-2	4	F	L2	cacen	a	k	81	430	25	21	1yes	1yes	73	55	-80	0.018	0.106	266	247	769	1485	2344	71	1700	1567	1533	1800	1400	1425	2100
Emily-het-1	4	F	L2	het	e	t	132	237	52	21	1yes	1yes	81	125	-2	0.038	0.132	218	153	799	1851	2551	69	1760	1720	1760	1800	1400	1644	2733
Emily-bedydd-1	4	F	L2	bedydd	e	d	90	461	37	22	1yes	1yes	116	16	-78	0.036	0.155	222	219	664	2024	3119	68	1367	1300	1400	1475	1667	1533	3533
Emily-sut-1	4	F	L2	sut	u	t	138	241	30	24	1yes	1yes	50	157	-4	0.019	0.072	239	230	578	2099	3185	70	1040	1383	1100	1200	1520	1660	2725
Emily-meipen-1	4	F	L2	meipen	ei	p	147	446	46	25	1yes	1yes	99	56	-79	0.008	0.051	241	232	542	2698	3260	67	1480	1050	983	950	2120	1725	3075
Emily-pecyn-1	4	F	L2	pecyn	e	k	80	517	19	25	1yes	1yes	102	87	-80	0.048	0.101	267	246	807	1736	2862	71	1567	1433	1467	1600	1900	1733	1800
Emily-pedwar-1	4	F	L2	pedwar	e	d	74	451	25	26	1yes	1yes	91	38	-79	0.017	0.132	277	256	571	2377	3182	69	1150	1133	1000	1000	700	825	2325
Emily-lwcus-1	4	F	L2	lwcus	w	k	49	598	11	27	1yes	1yes	99	84	-65	0.057	0.069	254	245	523	1057	3374	75	1000	1000	1000	1050	700	600	1350
Emily-baban-1	4	F	L2	baban	a	b	82	429	33	27	1yes	1yes	92	11	-80	0.016	0.084	249	241	849	1310	2439	78	1800	1967	1967	2175	1700	1817	2075
Emily-betws-1	4	F	L2	betws	e	t	96	567	33	29	1yes	1yes	103	94	-74	0.028	0.093	267	253	764	1853	2741	76	1467	1525	1600	1850	1433	1517	3080
Emily-guto-1	4	F	L2	guto	u	t	86	439	22	29	1yes	1yes	50	126	-79	0.056	0.106	250	246	469	2635	3321	68	1033	1000	1000	1133	1267	1133	2700
Emily-cwt-1	4	F	L2	cwt	w	t	153	221	29	30	1yes	1yes	49	133	-3	0.01	0.061	284	272	517	1207	2944	76	1100	1067	1067	1117	1283	1380	2840
Emily-gwydr-1	4	F	L2	gwydr	wy	d	NA	497	41	30	1yes	1yes	114	26	-80	0.015	0.079	270	257	489	1881	3012	75	1033	1067	1000	1000	1067	1014	2960
Emily-tocyn-1	4	F	L2	tocyn	o	k	88	396	22	30	1yes	1yes	88	71	-80	0.028	0.113	264	227	719	1267	2863	72	1333	1350	1333	1450	1167	1600	2100
Emily-ap-1	4	F	L2	ap	a	p	186	321	48	31	1yes	1yes	138	142	-1	0.019	0.072	234	224	935	1407	2802	71	1914	1929	1638	1571	2014	1867	2020
Emily-cacen-1	4	F	L2	cacen	a	k	83	440	21	31	1yes	1yes	62	85	-79	0.019	0.105	256	242	736	1588	2280	68	1533	1400	1467	1775	1967	2300	2900
Emily-digon-1	4	F	L2	digon	i	g	60	460	25	31	1yes	1yes	110	18	-79	0.024	0.067	268	257	516	2775	3161	70	1900	2350	1733	950	900	925	3220
Emily-paced-1	4	F	L2	paced	a	k	66	376	19	32	1yes	1yes	68	71	-79	0.018	0.11	258	245	832	1540	2567	70	2100	2033	1850	2600	2650	2400	3200
Emily-potel-1	4	F	L2	potel	o	t	68	411	19	32	1yes	1yes	29	108	-80	0.015	0.085	273	260	759	1121	2985	76	1600	1533	1533	1550	1100	1167	2740
Emily-twp-1	4	F	L2	twp	w	p	157	269	29	33	1yes	1yes	114	113	-5	0.012	0.045	264	230	553	1144	3080	71	983	1283	1367	1257	1260	1120	1717
Emily-bwyty-2	4	F	L2	bwyty	wy	t	NA	347	23	34	1yes	1yes	53	110	-80	0.016	0.07	262	259	484	1702	2894	73	1040	1040	1040	1100	1550	1525	3400
Emily-atal-1	4	F	L2	atal	a	t	49	445	18	35	1yes	1yes	47	103	-79	0.024	0.151	246	230	884	1362	2181	70	2000	1900	2150	2000	1500	1500	3217
Emily-eto-1	4	F	L2	eto	e	t	77	397	35	36	1yes	1yes	57	91	-80	0.035	0.121	246	237	683	2258	2999	70	1467	1400	1633	1100	1300	1117	4933
Emily-roced-1	4	F	L2	roced	ro	k	NA	575	18	37	1yes	1yes	103	64	-66	0.035	0.065	238	234	698	1247	2074	71	1400	1400	1400	1550	1333	1167	2700
Emily-taclus-1	4	F	L2	taclus	a	kl	77	573	12	38	1yes	1yes	92	89	-70	0.036	0.14	239	229	832	1541	2300	68	1467	1833	1767	1933	2400	2000	2643
Emily-tap-1	4	F	L2	tap	a	p	148	269	11	40	1yes	1yes	111	109	-1	0.021	0.103	256	223	868	1481	2794	68	1580	1733	1700	1750	1733	1200	2071
Emily-lapio-1	4	F	L2	lapio	la	pj	110	584	26	46	1yes	1yes	150	90	-79	0.02	0.092	118	116	792	1104	2795	67	1100	1175	1380	1500	1100	1150	2225
Emily-tatws-1	4	F	L2	tatws	a	t	81	428	20	47	1yes	1yes	57	76	-74	0.036	0.093	245	232	894	1377	2101	73	1700	1900	1767	1875	1650	1700	2575
Emily-diogel-1	4	F	L2	diogel	io	g	168	536	36	48	1yes	1yes	96	35	-80	0.017	0.069	265	242	555	1879	3109	70	1000	971	1343	1600	1329	1383	2500
Emily-toc-1	4	F	L2	toc	o	k	146	229	42	50	1yes	1yes	95	73	-3	0.01	0.065	274	248	669	1139	2671	73	1580	1517	1433	1550	1820	1771	2567
Emily-atatti-1	4	F	L2	atat ti	a	t	48	287	18	62	1yes	1yes	72	95	-79	0.028	0.164	242	239	978	1573	2613	76	1800	1950	2050	2250	1400	1700	3009
Emily-dagr-1	4	F	L2	dagr	a	g	76	465	32	63	1yes	1yes	106	26	-79	0.011	0.099	235	231	865	1510	2725	71	1633	1833	2033	1967	1700	1880	3367
Emily-brat-1	4	F	L2	brat	a	t	157	338	45	67	1yes	1yes	73	188	-0.05	0.043	0.125	225	132	908	1429	2381	69	1533	1750	1850	2029	2380	2238	2842
Emily-dadl-1	4	F	L2	dadl	a	d	66	403	26	67	1yes	1yes	106	26	-80	0.009	0.103	260	254	910	1318	2253	81	1600	2033	2100	2233	1900	2100	2742
Emily-hac-1	4	F	L2	hac	a	k	151	388	26	75	1yes	1yes	135	168	0.8	0.023	0.092	255	223	896	1518	2839	70	1750	1800	2150	2050	2380	2475	3650
Emily-capel-1	4	F	L2	capel	a	p	76	494	13	82	1yes	1yes	71	49	-80	0.021	0.065	270	262	932	1451	2028	72	2133	2067	2100	2300	1950	1300	2553
Gareth-ap-1	5	M	L2	ap	a	p	125	242	0	0	2no	2no	183	48	12	0.036	0.073	756	215	765	1179	2161	68	1575	1660	1640	1600	1640	0	0
Gareth-atatti-1	5	M	L2	atat ti	a	t	99	355	0	0	2no	2no	57	76	-79	0.021	0.191	114	112	570	1112	2581	63	833	900	725	475	450	0	0
Gareth-baban-1	5	M	L2	baban	a	b	85	298	0	0	2no	2no	109	10	-77	0.032	0.104	140	116	623	1060	2445	66	1167	1167	1100	1133	833	0	0
Gareth-bedydd-1	5	M	L2	bedydd	e	d	101	319	0	0	2no	2no	81	27	-78	0.068	0.081	--undefined--	--undefined--	536	1629	2713	58	1175	1125	1100	1300	767	0	0
Gareth-blodyn-1	5	M	L2	blodyn	lo	d	NA	296	0	0	2no	2no	102	20	-78	0.036	0.172	107	104	508	944	2791	64	633	875	1150	1200	1067	0	0
Gareth-bod-1	5	M	L2	bod	o	d	94	132	0	0	2no	2no	85	37	-17	0.025	0.098	120	114	550	855	2806	64	1067	1050	1075	1500	767	0	0
Gareth-budr-1	5	M	L2	budr	u	d	66	371	0	0	2no	2no	86	36	-78	0.055	--undefined--	121	116	394	1861	2612	63	750	833	1300	600	350	0	0
Gareth-cip-1	5	M	L2	cip	i	p	97	183	0	0	2no	2no	107	65	2	0.041	0.217	123	119	390	2114	2865	61	667	1025	800	875	633	0	0
Gareth-cot-1	5	M	L2	cot	o	t	233	162	0	0	2no	2no	59	93	-6	0.015	0.083	122	113	530	996	2788	66	944	1089	1044	1110	833	0	0
Gareth-dadl-1	5	M	L2	dadl	a	d	118	231	0	0	2no	2no	63	37	-76	0.015	0.075	117	112	603	1217	2413	64	950	1200	1180	1000	740	0	0
Gareth-digon-1	5	M	L2	digon	i	g	74	273	0	0	2no	2no	67	35	-78	0.041	0.083	127	115	333	2020	2543	64	600	500	467	600	867	0	0
Gareth-diogel-1	5	M	L2	diogel	io	g	146	293	0	0	2no	2no	70	32	-79	0.016	0.13	118	112	483	1641	2616	64	680	733	817	1067	1080	0	0
Gareth-gwlyb-1	5	M	L2	gwlyb	wly	b	NA	140	0	0	2no	2no	63	67	9	0.01	0.054	116	110	391	1618	2685	62	525	663	813	1300	814	0	0
Gareth-gwydr-1	5	M	L2	gwydr	wy	d	NA	301	0	0	2no	2no	85	32	-79	0.012	0.085	129	124	346	1515	2471	66	500	500	600	500	367	0	0
Gareth-odl-1	5	M	L2	odl	o	d	75	171	0	0	2no	2no	44	40	60	--undefined--	--undefined--	--undefined--	--undefined--	628	936	2760	59	1433	1367	1133	1267	450	0	0
Gareth-pedwar-1	5	M	L2	pedwar	e	d	57	404	0	0	2no	2no	72	43	-79	0.041	0.105	123	119	525	1694	2539	62	850	900	1000	567	500	0	0
Gareth-petawn-1	5	M	L2	petawn	e	t	53	437	0	0	2no	2no	35	62	-78	0.033	0.199	132	121	487	1522	2389	63	1850	850	650	700	700	0	0
Gareth-pobl-1	5	M	L2	pobl	o	b	48	293	0	0	2no	2no	107	97	-78	0.042	0.105	123	118	469	1088	2794	63	1500	950	750	550	300	0	0
Gareth-ruban-1	5	M	L2	ruban	ru	b	NA	375	0	0	2no	2no	92	11	-79	0.013	0.152	120	117	343	1873	2702	64	467	467	475	467	633	0	0
Gareth-taclus-1	5	M	L2	taclus	a	kl	110	366	0	0	2no	2no	71	62	-76	0.015	0.155	117	115	704	1301	2608	65	1250	1400	1400	1100	875	0	0
Gareth-tatws-1	5	M	L2	tatws	a	t	62	302	0	0	2no	2no	65	64	-78	0.094	0.027	122	112	666	1221	2718	60	1100	1300	1133	1150	1150	0	0
Gareth-tipyn-1	5	M	L2	tipyn	i	p	54	301	0	0	2no	2no	74	27	-79	0.082	0.177	124	119	351	2106	2726	60	700	850	600	650	450	0	0
Gareth-tipyn-2	5	M	L2	tipyn	i	p	63	301	0	0	2no	2no	67	28	-78	0.043	0.223	119	114	365	1917	3020	60	650	733	500	433	350	0	0
Gareth-tocyn-1	5	M	L2	tocyn	o	k	74	328	0	0	2no	2no	75	63	-78	0.019	0.17	122	119	526	994	2599	64	1200	1133	1100	867	1000	0	0
Gareth-tâp-1	5	M	L2	tâp	a	p	219	165	0	0	2no	2no	91	64	3	0.013	0.101	126	112	735	1154	2322	69	1413	1411	1344	1478	1150	0	0
Gareth-cwd-1	5	M	L2	cwd	w	d	189	113	0	0	2no	2no	76	27	-36	0.014	0.072	126	115	337	808	2659	65	714	650	486	538	743	0	0
Gareth-cwpan-1	5	M	L2	cwpan	w	p	63	339	0	0	2no	2no	64	51	-80	0.031	0.12	127	118	443	1199	2965	62	450	700	550	600	1050	0	0
Gareth-lwc-1	5	M	L2	lwc	w	k	109	157	0	0	2no	2no	78	69	-17	0.017	0.107	121	114	398	914	2781	62	500	725	660	900	750	0	0
Gareth-lwcus-1	5	M	L2	lwcus	w	k	59	374	0	0	2no	2no	80	58	-70	0.018	0.166	122	115	373	1228	3088	63	500	450	600	900	350	0	0
Gareth-rwdins-1	5	M	L2	rwdins	w	d	57	377	0	0	2no	2no	83	30	-79	0.007	0.086	122	117	405	1012	2585	61	800	500	450	500	200	0	0
Gareth-twp-1	5	M	L2	twp	w(p)	none	125	0	0	0	2no	2no	4	30	2	0.026	0.139	131	119	526	1185	2846	62	740	1080	900	960	750	0	0
Gareth-cwt-1	5	M	L2	cwt	w	t	105	151	28	0	1yes	2no	68	73	-7	0.02	0.13	129	116	500	1303	2811	60	600	500	850	725	1475	1280	0
Gareth-brat-2	5	M	L2	brat	a	t	108	145	44	0	1yes	2no	74	61	-3	0.019	0.095	116	110	739	1277	2539	63	1425	1450	1225	1340	1125	1275	0
Gareth-capel-1	5	M	L2	capel	a	p	56	280	18	0	1yes	2no	92	21	-78	0.041	0.088	116	116	697	1175	2482	60	1300	1250	1150	1500	1250	1200	0
Gareth-het-1	5	M	L2	het	e	t	126	142	30	0	1yes	2no	75	57	1	0.015	0.128	111	107	602	1729	2488	60	1020	1080	1100	900	1250	1160	0
Gareth-meipen-1	5	M	L2	meipen	ei	p	102	377	24	0	1yes	2no	39	102	-80	0.01	0.116	120	116	374	2103	2547	66	1075	650	875	475	767	650	0
Gareth-patrwm-1	5	M	L2	patrwm	a	tr	81	269	24	0	1yes	2no	94	39	-79	0.085	0.326	120	111	626	1168	2774	59	1433	1200	1067	1067	1633	1375	0
Gareth-siop-1	5	M	L2	siop	io	p	120	168	34	0	1yes	2no	103	55	1	0.017	0.134	121	114	681	1396	2702	62	950	1280	1280	1200	975	1050	0
Gareth-dagr-1	5	M	L2	dagr	a	g	114	332	40	9	1yes	1yes	86	22	-78	0.032	0.104	122	121	642	1217	2290	67	1225	1380	1225	1040	1150	1143	1000
Gareth-pwtyn-1	5	M	L2	pwtyn	w	t	85	317	31	10	1yes	1yes	24	108	-80	0.022	0.116	119	114	363	1042	2728	61	667	500	425	667	600	600	300
Gareth-atatti-1	5	M	L2	atat ti	a	t	54	219	19	11	1yes	1yes	36	74	-78	0.037	0.225	118	115	759	1260	2512	64	1250	1200	1250	1750	1500	1567	1400
Gareth-guto-1	5	M	L2	guto	u	t	86	295	39	12	1yes	1yes	49	76	-79	0.006	0.186	113	112	370	1820	2462	62	700	800	750	467	533	500	1000
Gareth-llety-1	5	M	L2	llety	e	t	93	227	19	12	1yes	1yes	35	87	-76	0.016	0.154	118	113	464	1650	2402	62	567	900	675	633	700	733	1200
Gareth-atal-1	5	M	L2	atal	a	t	80	302	26	17	1yes	1yes	66	68	-78	0.02	0.161	123	118	761	1104	2443	63	1300	1200	1267	1667	1500	1575	3100
Gareth-picio-1	5	M	L2	picio	i	kj	46	398	12	17	1yes	1yes	99	70	-79	0.038	0.208	119	115	338	1783	2501	62	500	500	400	700	600	700	500
Gareth-bwyty-2	5	M	L2	bwyty	wy	t	NA	307	21	18	1yes	1yes	52	76	-80	0.019	0.072	129	118	342	1770	2689	64	575	520	520	500	640	700	900
Gareth-cacen-1	5	M	L2	cacen	a	k	84	331	26	18	1yes	1yes	64	67	-79	0.029	0.141	113	113	706	1324	2340	66	1167	1333	1325	1500	1167	1475	1700
Gareth-paced-1	5	M	L2	paced	a	k	75	335	10	18	1yes	1yes	64	39	-80	0.036	0.204	121	120	719	1234	2109	62	1367	1233	1300	1367	1450	900	1500
Gareth-clec-1	5	M	L2	clec	le	k	85	120	29	19	1yes	1yes	61	30	-9	--undefined--	--undefined--	118	113	611	1482	2545	56	867	1267	1275	1600	1867	1720	2600
Gareth-bwyty-1	5	M	L2	bwyty	wy	t	NA	321	17	20	1yes	1yes	66	75	-79	0.013	0.073	124	118	311	1716	2537	66	500	480	480	450	625	650	733
Gareth-pecyn-1	5	M	L2	pecyn	e	k	68	474	16	21	1yes	1yes	99	46	-78	0.025	0.2	128	121	589	1611	2452	63	1050	1133	1133	800	1133	1250	2900
Gareth-eto-1	5	M	L2	eto	e	t	79	317	13	23	1yes	1yes	54	85	-77	0.015	0.143	118	116	564	1684	2416	66	1333	1167	1033	867	667	400	1225
Gareth-potel-1	5	M	L2	potel	o	t	73	251	14	24	1yes	1yes	39	58	-80	0.017	0.157	122	116	530	900	2610	62	800	1100	1000	1133	1033	1050	3600
Gareth-brat-1	5	M	L2	brat	a	t	139	210	40	25	1yes	1yes	93	82	-23	0.014	0.05	124	113	732	1168	2303	66	1360	1433	1380	1667	1620	1729	1750
Gareth-cacen-2	5	M	L2	cacen	a	k	74	352	28	26	1yes	1yes	71	48	-79	0.053	0.149	134	113	720	1286	2404	62	1400	1333	1133	1633	1467	1540	2800
Gareth-sut-1	5	M	L2	sut	u	t	117	189	24	26	1yes	1yes	67	86	-10	0.03	0.136	116	112	453	1904	2687	59	1350	940	760	725	1150	1025	2100
Gareth-cic-1	5	M	L2	cic	i	k	128	208	22	27	1yes	1yes	78	93	-22	0.025	0.128	119	112	455	2116	2731	60	540	880	820	900	1120	1300	3750
Gareth-toc-1	5	M	L2	toc	o	k	146	155	26	30	1yes	1yes	84	30	1	0.029	0.129	121	114	659	1117	2538	63	960	1200	1117	1117	1280	1350	1800
Gareth-lapio-1	5	M	L2	lapio	a	pj	63	315	21	32	1yes	1yes	90	56	-80	0.042	0.175	115	110	654	1033	2518	61	900	1367	1400	1667	850	1500	2280
Gareth-betws-1	5	M	L2	betws	e	t	74	415	20	33	1yes	1yes	51	78	-70	0.011	0.149	115	114	587	1608	2486	64	1050	1100	1067	1200	1300	1333	2417
Gareth-roced-1	5	M	L2	roced	ro	k	NA	403	15	41	1yes	1yes	44	58	-70	0.019	0.124	129	123	639	1335	2591	67	867	1075	1225	1400	1150	1450	1900
Gareth-hac-1	5	M	L2	hac	a	k	110	247	22	76	1yes	1yes	99	62	24	0.038	0.097	110	109	807	1257	2516	65	1150	1425	1520	1500	1425	1400	2686
George-baban-1	6	M	L2	baban	a	b	91	402	0	0	2no	2no	110	13	-78	0.026	0.159	110	106	574	928	2741	75	1167	1075	933	1100	900	0	0
George-bedydd-1	6	M	L2	bedydd	e	d	96	441	0	0	2no	2no	87	27	-57	0.012	0.086	110	109	485	1522	2475	73	933	975	925	850	733	0	0
George-blodyn-1	6	M	L2	blodyn	o	d	65	360	0	0	2no	2no	83	27	-78	0.041	0.046	104	102	467	939	3186	70	850	967	750	800	600	0	0
George-bod-1	6	M	L2	bod	o	d	250	181	0	0	2no	2no	154	17	-22	0.015	0.067	106	104	457	818	3176	72	850	920	840	860	800	0	0
George-bod-2	6	M	L2	bod	o	d	140	94	0	0	2no	2no	63	21	-53	0.006	0.085	102	101	522	910	2807	77	1080	1200	1240	1217	900	0	0
George-budr-1	6	M	L2	budr	u	d	71	441	0	0	2no	2no	90	39	-79	0.011	0.066	112	108	384	1626	2816	72	600	733	867	633	450	0	0
George-dadl-1	6	M	L2	dadl	a	d	98	294	0	0	2no	2no	73	40	-78	0.026	0.15	111	105	564	980	3012	75	933	1100	1225	1375	1000	0	0
George-dagr-1	6	M	L2	dagr	a	g	126	361	0	0	2no	2no	79	28	-80	0.033	0.088	109	103	563	1215	2361	73	960	1160	1280	1000	775	0	0
George-digon-1	6	M	L2	digon	i	g	57	379	0	0	2no	2no	95	37	-78	0.022	0.108	107	105	350	2086	3546	69	650	650	600	933	300	0	0
George-gwlyb-1	6	M	L2	gwlyb	ly	b	NA	150	0	0	2no	2no	81	59	-12	0.006	0.035	109	105	405	1525	2657	76	850	850	825	850	743	0	0
George-gwydr-1	6	M	L2	gwydr	wy	d	NA	348	0	0	2no	2no	88	23	-72	0.013	0.111	114	112	392	1477	2855	74	667	700	767	850	367	0	0
George-odl-1	6	M	L2	odl	o	d	73	217	0	0	2no	2no	94	31	-8	0.04	0.138	108	99	476	869	2927	65	850	867	767	1000	700	0	0
George-pedwar-1	6	M	L2	pedwar	e	d	64	476	0	0	2no	2no	108	24	-78	0.064	0.064	99	94	473	1469	2459	71	650	1000	950	867	500	0	0
George-petawn-1	6	M	L2	petawn	e	t	28	465	0	0	2no	2no	45	77	-79	--undefined--	--undefined--	--undefined--	--undefined--	396	1433	2870	69	1300	1500	1700	1500	500	0	0
George-pobl-1	6	M	L2	pobl	o	b	57	291	0	0	2no	2no	99	31	-78	0.02	0.076	101	100	489	829	3156	72	1000	1050	900	900	600	0	0
George-ruban-1	6	M	L2	ruban	ru	b	NA	404	0	0	2no	2no	118	11	-79	0.017	0.175	111	109	407	1634	2721	75	633	725	867	900	533	0	0
George-tipyn-2	6	M	L2	tipyn	i	p	37	382	0	0	2no	2no	87	36	-78	0.037	--undefined--	113	109	481	1902	3060	67	800	900	1200	2200	1900	0	0
George-cwd-1	6	M	L2	cwd	w	d	204	141	0	0	2no	2no	82	49	-36	0.009	0.035	122	111	412	941	3009	77	763	888	900	875	775	0	0
George-pwtyn-1	6	M	L2	pwtyn	w	t	41	397	0	0	2no	2no	87	99	-78	0.071	0.338	107	104	395	1008	3142	69	600	900	1000	1100	1000	0	0
George-rwdins-1	6	M	L2	rwdins	rw	d	NA	486	0	0	2no	2no	83	31	-70	0.013	0.06	122	116	420	916	3157	71	733	700	800	900	600	0	0
George-twp-1	6	M	L2	twp	w	p	93	200	0	0	2no	2no	114	76	-19	0.014	0.066	120	114	497	1134	3119	75	967	925	900	900	850	0	0
George-cip-1	6	M	L2	cip	i	p	105	179	19	0	1yes	2no	102	67	6	0.017	0.078	116	110	441	1665	2408	76	700	875	875	850	850	800	0
George-siop-1	6	M	L2	siop	io	p	143	145	36	0	1yes	2no	78	57	-7	0.02	0.15	108	103	577	1328	3114	71	880	1067	1200	1300	1100	1250	0
George-tâp-1	6	M	L2	tâp	a	p	241	220	29	0	1yes	2no	104	106	1	0.005	0.095	104	100	663	1185	2507	75	1122	1310	1400	1300	1367	1200	0
George-clec-1	6	M	L2	clec	le	k	NA	174	0	0	2no	2no	140	24	-4	0.056	0.105	104	98	572	1171	2895	70	967	967	1100	1300	1000	0	0
George-diogel-1	6	M	L2	diogel	io	g	97	367	24	11	1yes	1yes	76	29	-79	0.011	0.134	109	108	494	1262	2405	75	833	925	1200	1200	1500	1300	600
George-tipyn-1	6	M	L2	tipyn	i	p	56	415	21	12	1yes	1yes	92	30	-79	0.011	0.205	118	115	396	1710	2818	71	900	900	650	800	900	900	2000
George-llety-1	6	M	L2	llety	e	t	67	388	20	13	1yes	1yes	58	109	-79	0.045	0.149	114	112	536	1582	3384	71	900	900	950	1000	950	833	1550
George-meipen-1	6	M	L2	meipen	ei	p	112	479	0	14	2no	1yes	79	44	-79	0.01	0.134	107	105	385	1954	2985	74	900	825	660	550	725	0	750
George-het-1	6	M	L2	het	e	t	127	211	22	14	1yes	1yes	66	121	0.2	0.027	0.114	117	99	636	1693	2781	69	1020	1100	1120	1200	1200	1033	1800
George-lwc-1	6	M	L2	lwc	w	k	110	274	24	16	1yes	1yes	105	143	7	0.014	0.08	113	108	474	1083	3058	77	875	900	860	925	1125	1100	1500
George-patrwm-1	6	M	L2	patrwm	a	tr	47	365	11	16	1yes	1yes	32	124	-79	0.035	0.107	105	102	547	1021	2876	69	800	1000	1000	1300	1300	1200	850
George-atal-1	6	M	L2	atal	a	t	48	446	23	17	1yes	1yes	71	77	-80	0.062	0.232	113	109	777	1178	2973	75	1400	1250	1550	1500	450	975	2000
George-atatti-1	6	M	L2	atat ti	a	t	47	433	13	17	1yes	1yes	60	92	-78	0.037	0.19	111	110	486	980	2776	73	800	900	950	1100	700	600	2300
George-atatti-1	6	M	L2	atat ti	a	t	60	167	19	18	1yes	1yes	35	67	-76	0.006	0.307	104	104	784	1284	2783	70	1350	1300	1467	1500	900	933	1333
George-cwt-1	6	M	L2	cwt	w	t	99	257	27	19	1yes	1yes	68	160	-4	0.017	0.14	112	110	418	957	3132	73	833	875	925	950	600	725	1533
George-potel-1	6	M	L2	potel	o	t	61	403	20	19	1yes	1yes	65	74	-80	0.064	0.173	116	113	470	926	3120	74	1350	1400	1367	1450	1350	1433	1933
George-betws-1	6	M	L2	betws	e	t	68	521	29	21	1yes	1yes	67	84	-57	0.024	0.127	107	105	562	1462	2318	75	1050	1033	1033	900	867	900	2900
George-cot-1	6	M	L2	cot	o	t	179	204	14	21	1yes	1yes	-8	24	-41	0.015	0.046	115	101	494	951	3122	74	900	943	986	971	886	650	1933
George-eto-1	6	M	L2	eto	e	t	80	366	33	21	1yes	1yes	50	123	-78	0.056	0.277	108	100	665	1582	2343	69	933	1067	1233	1367	1300	1283	2033
George-sut-1	6	M	L2	sut	u	t	84	219	17	21	1yes	1yes	63	125	-1	0.032	0.061	112	109	439	1576	2795	71	867	933	875	933	1267	1550	3533
George-cacen-2	6	M	L2	cacen	a	k	57	393	14	22	1yes	1yes	61	76	-80	0.06	0.081	123	107	703	1266	2636	72	1150	1300	1450	1800	900	1150	2067
George-tatws-1	6	M	L2	tatws	a	t	75	465	21	22	1yes	1yes	43	89	-60	0.027	0.103	114	106	546	1006	3234	73	1067	1133	1067	1600	1200	1300	2600
George-tocyn-1	6	M	L2	tocyn	o	k	73	365	21	23	1yes	1yes	66	63	-79	0.012	0.1	109	107	620	1124	2725	77	1100	1100	1300	1333	833	1133	1325
George-lwcus-1	6	M	L2	lwcus	lw	k	NA	458	30	24	1yes	1yes	59	67	-55	0.037	0.217	103	98	474	1179	3176	69	667	775	800	825	733	740	1350
George-pecyn-1	6	M	L2	pecyn	e	k	82	381	22	25	1yes	1yes	70	69	-78	0.022	0.118	106	102	664	1534	2741	70	1300	1200	1200	1575	600	867	2600
George-picio-1	6	M	L2	picio	i	kj	59	392	25	25	1yes	1yes	70	89	-78	0.017	0.169	111	108	363	1887	2896	71	650	900	1000	850	1350	1100	3550
George-guto-1	6	M	L2	guto	u	t	79	349	29	30	1yes	1yes	47	97	-80	0.017	0.098	115	110	346	1936	3336	71	600	633	667	633	1433	1120	2900
George-cwpan-1	6	M	L2	cwpan	w	p	35	402	15	32	1yes	1yes	76	49	-78	--undefined--	--undefined--	--undefined--	--undefined--	647	1374	3090	66	1100	1200	1300	1500	900	1100	2060
George-cacen-1	6	M	L2	cacen	a	k	65	398	24	32	1yes	1yes	69	56	-80	0.056	0.081	127	106	688	1262	2270	75	1200	1367	1350	1433	1500	1500	2920
George-capel-1	6	M	L2	capel	a	p	54	352	28	33	1yes	1yes	86	41	-80	0.042	0.267	123	115	645	1104	2571	73	1100	1150	1600	1800	1100	1460	1783
George-bwyty-1	6	M	L2	bwyty	wy	t	NA	395	24	34	1yes	1yes	37	128	-79	0.013	0.082	111	108	384	1374	2750	73	625	680	620	650	900	825	3550
George-bwyty-2	6	M	L2	bwyty	wy	t	NA	388	23	37	1yes	1yes	64	77	-78	0.019	0.064	115	114	406	1414	3055	76	650	700	675	660	1275	1150	2950
George-cic-1	6	M	L2	cic	i	k	103	260	15	37	1yes	1yes	84	129	-5	0.011	0.059	114	110	427	1747	2437	77	775	900	875	850	775	800	3750
George-paced-1	6	M	L2	paced	a	k	65	393	22	38	1yes	1yes	70	56	-79	0.047	0.159	115	109	664	1258	3027	69	1400	1333	1400	1667	2100	2000	3786
George-roced-1	6	M	L2	roced	ro	k	NA	443	22	38	1yes	1yes	67	50	-78	0.013	0.207	109	105	577	1223	2864	72	850	1067	1133	1600	1150	1400	1671
George-brat-2	6	M	L2	brat	a	t	123	210	22	40	1yes	1yes	66	94	-8	0.009	0.096	108	103	688	1192	2681	75	1075	1440	1460	1260	1300	1400	2129
George-lapio-1	6	M	L2	lapio	la	pj	NA	343	25	40	1yes	1yes	104	44	-78	0.031	0.182	116	109	532	906	2987	73	1000	1000	1350	1575	1200	1325	1771
George-brat-1	6	M	L2	brat	ra	t	NA	277	29	44	1yes	1yes	89	134	-6	0.018	0.111	109	104	648	1099	2768	76	1060	1367	1450	1283	1483	1460	1988
George-hac-1	6	M	L2	hac	a	k	142	337	28	46	1yes	1yes	111	170	-3	0.021	0.161	113	103	705	1147	2727	72	1320	1350	1433	1380	2000	1840	3125
George-taclus-1	6	M	L2	taclus	a	k	64	570	27	46	1yes	1yes	87	51	-60	0.043	0.134	131	126	653	1113	2703	73	1700	1367	1400	1300	1150	1300	3288
George-ap-1	6	M	L2	ap	a	p	137	224	32	48	1yes	1yes	104	62	-0.8	0.028	0.111	113	105	669	1115	2719	74	1340	1420	1450	1620	1540	1500	2078
George-toc-1	6	M	L2	toc	o	k	134	237	21	57	1yes	1yes	69	102	-12	0.023	0.048	114	111	562	1029	2972	75	900	1020	1133	1200	1260	1267	1590
Luke-baban-1	7	M	L2	baban	a	b	89	424	0	0	2no	2no	127	13	-80	0.021	0.111	144	139	593	943	2861	72	1133	1150	1133	1175	967	0	0
Luke-bod-1	7	M	L2	bod	o	d	214	146	0	0	2no	2no	89	47	-28	0.008	0.069	139	136	509	846	2969	71	950	1067	1088	1111	850	0	0
Luke-budr-1	7	M	L2	budr	u	d	78	361	0	0	2no	2no	113	19	-78	0.018	0.091	148	142	399	1882	2782	71	833	867	867	800	600	0	0
Luke-cip-1	7	M	L2	cip	i	p	61	202	0	0	2no	2no	122	70	-10	0.047	0.096	150	146	388	2174	2900	69	800	900	867	1050	1000	0	0
Luke-dagr-1	7	M	L2	dagr	a	g	106	363	0	0	2no	2no	102	24	-80	0.012	0.077	150	139	605	1548	2621	72	1100	1125	1250	975	725	0	0
Luke-gwlyb-1	7	M	L2	gwlyb	ly	b	NA	144	0	0	2no	2no	94	40	-36	0.007	0.052	149	144	412	1887	2821	72	850	867	889	889	733	0	0
Luke-pedwar-1	7	M	L2	pedwar	e	d	58	392	0	0	2no	2no	112	19	-78	0.039	0.16	157	147	439	1783	2767	67	1050	850	867	900	1000	0	0
Luke-pobl-1	7	M	L2	pobl	o	b	48	348	0	0	2no	2no	116	20	-78	0.049	0.121	139	135	453	830	2841	69	1000	850	800	750	450	0	0
Luke-siop-1	7	M	L2	siop	io	p	125	176	0	0	2no	2no	121	45	-4	0.024	0.144	142	133	532	1436	2810	70	860	920	1060	1100	950	0	0
Luke-tipyn-1	7	M	L2	tipyn	i	p	33	373	0	0	2no	2no	99	30	-79	0.003	--undefined--	137	136	334	2015	2701	64	800	700	900	700	300	0	0
Luke-tipyn-2	7	M	L2	tipyn	i	p	40	350	0	0	2no	2no	91	39	-78	0.056	0.1	145	135	356	1932	2725	64	700	800	800	800	400	0	0
Luke-cwd-1	7	M	L2	cwd	w	d	174	191	0	0	2no	2no	140	41	-21	0.011	0.042	155	135	363	963	2732	70	833	814	800	771	686	0	0
Luke-cwpan-1	7	M	L2	cwpan	w	p	37	372	0	0	2no	2no	92	29	-78	0.053	--undefined--	137	134	429	1511	3161	63	1100	700	850	800	600	0	0
Luke-pwtyn-1	7	M	L2	pwtyn	w	t	53	405	0	0	2no	2no	102	80	-80	0.006	0.094	148	147	411	965	2666	70	850	850	900	1000	700	0	0
Luke-twp-1	7	M	L2	twp	w	p	80	232	0	0	2no	2no	129	93	-16	0.009	0.053	156	153	451	1070	2839	74	900	900	933	900	733	0	0
Luke-petawn-1	7	M	L2	petawn	e	t	64	515	19	0	1yes	2no	21	97	-80	0.038	0.175	165	147	435	1775	2871	70	900	900	850	933	700	800	0
Luke-cwt-1	7	M	L2	cwt	w	t	110	246	20	0	1yes	2no	137	99	-11	0.021	0.088	148	136	422	1008	2722	70	850	850	800	800	800	700	0
Luke-rwdins-1	7	M	L2	rwdins	rw	d	NA	557	23	0	1yes	2no	109	15	-77	0.016	0.096	144	140	430	1552	2625	70	800	850	850	850	700	650	0
Luke-odl-1	7	M	L2	odl	o	d	77	277	27	0	1yes	2no	102	44	-77	0.022	0.127	126	122	606	1145	3350	60	1300	1000	1600	1300	2150	1650	0
Luke-sut-1	7	M	L2	sut	u	t	125	250	33	0	1yes	2no	87	153	-12	0.01	0.079	134	128	359	1842	2781	67	800	780	760	1000	775	717	0
Luke-ruban-1	7	M	L2	ruban	ru	b	NA	483	35	0	1yes	2no	135	13	-79	0.016	0.121	139	136	379	1856	2730	68	833	800	800	800	1000	900	0
Luke-bedydd-1	7	M	L2	bedydd	e	d	58	468	16	0	1yes	2no	112	28	-74	0.022	0.106	135	131	427	1604	2715	67	800	800	800	967	450	850	0
Luke-blodyn-1	7	M	L2	blodyn	lo	d	NA	430	30	0	1yes	2no	137	25	-80	0.011	0.056	136	134	481	928	3102	72	775	880	1080	975	1025	1040	0
Luke-bwyty-2	7	M	L2	bwyty	wy	t	NA	366	19	0	1yes	2no	130	70	-79	0.012	0.09	135	134	399	1652	2620	72	750	800	825	825	850	900	0
Luke-dadl-1	7	M	L2	dadl	a	d	94	323	22	0	1yes	2no	124	22	-79	0.012	0.142	140	137	673	1261	2986	71	1133	1100	1325	1700	1100	1200	0
Luke-digon-1	7	M	L2	digon	i	g	52	377	26	0	1yes	2no	78	28	-78	0.021	0.116	142	137	336	2312	2932	66	600	800	1450	1400	800	1150	0
Luke-gwydr-1	7	M	L2	gwydr	wy	d	NA	342	34	0	1yes	2no	105	28	-79	0.013	0.102	147	140	394	1542	2640	71	833	875	850	800	1400	1233	0
Luke-atatti-1	7	M	L2	atat ti	a	t	69	223	16	10	1yes	1yes	64	58	-77	0.035	0.132	131	129	591	1379	2841	63	1400	1267	1133	1833	2700	3000	1500
Luke-patrwm-1	7	M	L2	patrwm	a	tr	59	366	16	11	1yes	1yes	92	87	-79	0.022	0.119	145	139	611	1025	2974	69	1500	1150	1067	1400	1250	1400	1000
Luke-atal-1	7	M	L2	atal	a	t	80	348	11	11	1yes	1yes	72	72	-79	0.035	0.257	134	127	661	1375	2691	64	1467	1367	1333	1533	1667	1700	1800
Luke-capel-1	7	M	L2	capel	a	p	63	290	31	11	1yes	1yes	108	39	-79	0.041	0.202	150	136	538	1150	2527	64	1100	1067	1050	1467	800	1300	1100
Luke-potel-1	7	M	L2	potel	o	t	71	382	19	13	1yes	1yes	48	91	-79	0.032	0.175	142	135	521	1193	3095	69	850	800	1200	1133	1250	1267	1000
Luke-meipen-1	7	M	L2	meipen	ei	p	113	518	26	13	1yes	1yes	150	50	-79	0.009	0.091	139	136	376	2335	3004	69	800	840	825	1080	1675	1975	450
Luke-cot-1	7	M	L2	cot	o	t	238	187	48	13	1yes	1yes	38	126	-3	0.01	0.089	149	132	507	950	2948	70	956	960	1044	1050	878	878	450
Luke-paced-1	7	M	L2	paced	a	k	74	407	24	15	1yes	1yes	70	58	-73	0.028	0.076	144	141	600	1040	2668	66	1450	1100	1267	1400	1567	1475	2100
Luke-brat-1	7	M	L2	brat	a	t	128	276	32	16	1yes	1yes	101	148	1	0.01	0.144	140	132	684	1517	2891	68	1060	1080	1020	1320	1200	1320	2050
Luke-taclus-1	7	M	L2	taclus	a	kl	60	491	17	17	1yes	1yes	83	46	-64	0.037	0.114	143	136	553	1512	2627	66	1100	1050	1067	1150	1600	1650	1650
Luke-cic-1	7	M	L2	cic	i	k	90	316	16	17	1yes	1yes	98	191	-6	0.017	0.068	152	147	412	2258	2770	70	900	1000	1033	1000	733	650	1650
Luke-diogel-1	7	M	L2	diogel	io	g	89	356	26	18	1yes	1yes	84	26	-79	0.031	0.149	142	135	481	1476	2741	67	833	850	833	875	1233	1175	1267
Luke-picio-1	7	M	L2	picio	i	kj	61	444	19	21	1yes	1yes	107	106	-79	0.033	0.146	147	140	358	2355	2945	64	750	900	967	1450	2900	2333	2400
Luke-llety-1	7	M	L2	llety	e	t	80	341	32	21	1yes	1yes	59	97	-80	0.026	0.09	145	133	442	1877	2801	70	800	833	900	1100	1767	1480	3100
Luke-tatws-1	7	M	L2	tatws	a	t	75	514	24	22	1yes	1yes	108	48	-68	0.035	0.114	148	145	640	1352	2918	68	900	1167	1033	1133	1100	1100	1500
Luke-lwcus-1	7	M	L2	lwcus	lw	k	NA	544	18	24	1yes	1yes	87	62	-57	0.044	0.165	162	142	474	1122	3115	73	833	867	867	1033	1700	1300	1775
Luke-clec-1	7	M	L2	clec	le	k	NA	196	30	24	1yes	1yes	119	42	-3	0.026	0.123	142	126	551	1588	2689	68	975	1180	1000	1840	2350	2240	2850
Luke-betws-1	7	M	L2	betws	e	t	80	490	21	25	1yes	1yes	107	83	-74	0.018	0.152	139	134	480	1885	2864	68	800	833	867	1200	967	1100	2550
Luke-het-1	7	M	L2	het	e	t	93	278	0	27	2no	1yes	105	136	-3	0.027	0.211	139	128	512	1899	2789	65	1367	975	1025	867	1125	0	1600
Luke-ap-1	7	M	L2	ap	a	p	109	165	28	27	1yes	1yes	113	15	-3	0.013	0.112	128	126	607	1153	2710	68	1125	1050	1360	1500	1300	1300	1975
Luke-cacen-2	7	M	L2	cacen	a	k	63	367	16	27	1yes	1yes	97	39	-78	0.044	0.098	140	133	584	1423	2538	66	1150	1133	1250	1900	900	1250	2150
Luke-hac-1	7	M	L2	hac	a	k	111	226	26	29	1yes	1yes	112	75	-3	0.026	0.092	125	120	655	1165	2639	64	1300	1350	1460	1275	2125	2125	2600
Luke-lwc-1	7	M	L2	lwc	lw	k	NA	212	54	31	1yes	1yes	94	77	1	0.01	0.073	144	129	428	1598	3101	67	700	800	770	744	889	890	1720
Luke-pecyn-1	7	M	L2	pecyn	e	k	65	447	19	32	1yes	1yes	102	60	-79	0.033	0.184	152	148	442	2055	2662	65	1300	933	1250	1733	1350	1433	4280
Luke-tap-1	7	M	L2	tap	a	p	127	217	28	33	1yes	1yes	106	68	-0.2	0.016	0.133	151	138	657	1170	2905	71	1060	1220	1320	1640	2650	2300	2183
Luke-bwyty-1	7	M	L2	bwyty	wy	t	NA	373	33	33	1yes	1yes	66	70	-80	0.014	0.098	145	141	370	1695	2655	70	840	880	780	940	2575	2117	3017
Luke-tocyn-1	7	M	L2	tocyn	o	k	65	391	18	35	1yes	1yes	69	53	-79	0.04	0.094	155	150	515	1069	2868	70	1000	867	950	1167	1850	1433	2383
Luke-cacen-1	7	M	L2	cacen	a	k	64	445	23	36	1yes	1yes	115	50	-79	0.049	0.153	154	148	637	1377	2728	72	1400	1167	1250	1967	1900	1975	4133
Luke-brat-2	7	M	L2	brat	a	t	137	307	43	43	1yes	1yes	87	167	-2	0.012	0.045	129	126	630	1401	2778	67	1020	1080	1150	1260	1500	1363	2250
Luke-lapio-1	7	M	L2	lapio	a	pj	50	312	18	44	1yes	1yes	80	42	-78	0.022	0.11	134	130	668	1256	2921	68	1350	1200	1650	1650	1000	1233	3388
Luke-toc-1	7	M	L2	toc	o	k	109	233	17	47	1yes	1yes	93	83	-8	0.015	0.107	142	136	553	935	2703	67	1050	1075	1060	1125	1150	800	2175
Luke-guto-1	7	M	L2	guto	u	t	57	347	19	49	1yes	1yes	55	79	-79	0.023	0.151	150	143	322	2134	2889	73	600	600	900	933	600	600	2900
Luke-eto-1	7	M	L2	eto	e	t	89	349	31	52	1yes	1yes	57	100	-78	0.011	0.122	128	125	480	1854	2819	67	767	1025	1133	1100	1433	1320	2589
Luke-roced-1	7	M	L2	roced	ro	k	NA	401	17	56	1yes	1yes	90	46	-80	0.013	0.168	146	139	531	1078	2735	68	867	1133	1133	1033	1300	1450	2670
Ruth-bod-1	8	F	L2	bod	o	d	282	180	0	0	2no	2no	119	51	-31	0.005	0.041	212	196	532	802	2713	81	1036	1200	1164	1117	1050	0	0
Ruth-gwlyb-1	8	F	L2	gwlyb	ly	b	NA	193	0	0	2no	2no	84	99	-41	0.003	0.039	198	191	538	2024	3232	79	1156	1140	1156	1120	944	0	0
Ruth-odl-1	8	F	L2	odl	o	d	52	224	0	0	2no	2no	95	21	-77	0.03	0.13	206	198	461	1327	2411	75	1200	800	850	850	1300	0	0
Ruth-pobl-1	8	F	L2	pobl	o	b	78	397	0	0	2no	2no	119	11	-80	0.027	0.122	226	204	462	1045	2522	77	933	1267	1133	900	633	0	0
Ruth-cwd-1	8	F	L2	cwd	w	d	260	196	0	0	2no	2no	115	71	-14	0.009	0.05	237	198	428	893	2739	80	870	800	818	1110	930	0	0
Ruth-pedwar-1	8	F	L2	pedwar	e	d	77	482	25	0	1yes	2no	103	19	-78	0.025	0.086	233	214	644	2097	2962	75	1467	1300	933	1233	1400	1375	0
Ruth-baban-1	8	F	L2	baban	a	b	100	460	38	0	1yes	2no	105	10	-79	0.016	0.094	200	196	779	1565	2596	77	1825	2325	2150	2100	1633	1800	0
Ruth-ruban-1	8	F	L2	ruban	ru	b	NA	427	48	0	1yes	2no	112	16	-79	0.017	0.099	205	197	364	2021	2756	76	1100	800	867	886	867	822	0
Ruth-bedydd-1	8	F	L2	bedydd	e	d	105	427	51	0	1yes	2no	113	15	-79	0.018	0.071	209	199	580	1969	2808	75	1200	1450	1450	3200	2075	2456	0
Ruth-siop-1	8	F	L2	siop	io	p	175	209	52	0	1yes	2no	192	7	-16	0.012	0.091	208	188	597	1464	2892	76	1217	1114	1229	971	1171	1156	0
Ruth-ap-1	8	F	L2	ap	a(p)	none	198	0	101	0	1yes	2no	-2	53	15	0.019	0.087	204	200	610	1563	2675	73	2900	1950	2050	3225	2275	2784	0
Ruth-tipyn-1	8	F	L2	tipyn	i	p	67	502	0	8	2no	1yes	93	39	-80	0.019	0.134	259	237	448	2288	3115	84	1050	933	950	900	700	0	300
Ruth-petawn-1	8	F	L2	petawn	e	t	76	616	0	9	2no	1yes	24	109	-80	0.027	0.109	236	209	514	2047	3115	75	1300	1567	1733	1767	3100	0	500
Ruth-rwdins-1	8	F	L2	rwdins	w	d	82	471	25	9	1yes	1yes	103	10	-80	0.008	0.069	210	205	420	1673	3027	76	833	800	867	800	900	800	300
Ruth-taclus-1	8	F	L2	taclus	a	kl	91	501	23	12	1yes	1yes	77	79	-79	0.021	0.089	245	217	651	1725	2900	75	1433	1575	1600	1325	2867	2500	1900
Ruth-tipyn-2	8	F	L2	tipyn	i	p	63	406	0	13	2no	1yes	67	59	-79	0.033	0.148	240	210	393	2327	3156	78	900	833	800	1867	2100	0	400
Ruth-bwyty-2	8	F	L2	bwyty	wy	t	NA	424	59	13	1yes	1yes	47	136	-79	0.027	0.077	227	206	396	1942	2990	81	840	817	833	860	1760	1255	600
Ruth-gwydr-1	8	F	L2	gwydr	wy	d	NA	384	35	14	1yes	1yes	98	23	-80	0.023	0.084	212	202	418	1583	2912	79	775	850	900	925	1925	1667	1500
Ruth-atal-1	8	F	L2	atal	a	t	71	421	42	14	1yes	1yes	44	113	-80	0.02	0.065	200	197	866	1872	2950	73	1600	1267	1533	3000	3900	2757	1950
Ruth-budr-1	8	F	L2	budr	u	d	82	449	28	15	1yes	1yes	103	17	-78	0.022	0.159	205	199	417	2294	3229	77	900	967	867	850	2300	1480	600
Ruth-roced-1	8	F	L2	roced	ro	k	NA	538	40	15	1yes	1yes	82	22	-59	0.015	0.086	263	210	471	1506	2604	73	2167	1400	1183	1433	2440	2171	1100
Ruth-pwtyn-1	8	F	L2	pwtyn	w	t	75	434	26	17	1yes	1yes	44	97	-79	0.023	0.089	223	205	425	1188	2918	75	900	833	900	1167	1550	1350	3000
Ruth-atatti-1	8	F	L2	atat ti	a	t	76	254	32	17	1yes	1yes	51	87	-79	0.027	0.092	229	222	909	1853	2957	77	2300	2033	1833	2933	2700	2820	3000
Ruth-cwpan-1	8	F	L2	cwpan	w	p	61	544	18	18	1yes	1yes	91	53	-79	0.034	0.122	251	229	416	1213	2983	80	950	950	900	800	1150	933	1133
Ruth-lwcus-1	8	F	L2	lwcus	lw	k	NA	610	27	18	1yes	1yes	86	68	-54	0.037	0.149	213	182	494	1368	3226	79	840	820	1120	1240	1360	1350	933
Ruth-capel-1	8	F	L2	capel	a	p	91	403	32	18	1yes	1yes	81	56	-79	0.022	0.104	235	208	710	1533	2765	76	1667	1450	1600	1925	2733	2580	1600
Ruth-digon-1	8	F	L2	digon	i	g	68	454	12	19	1yes	1yes	87	25	-80	0.016	0.096	210	202	409	2389	3125	81	800	1000	867	800	733	800	1000
Ruth-bwyty-1	8	F	L2	bwyty	wy	t	NA	388	25	20	1yes	1yes	49	122	-79	0.015	0.078	218	212	414	1848	3073	82	850	850	860	850	1050	1150	1000
Ruth-atatti-1	8	F	L2	atat ti	a	t	100	567	33	20	1yes	1yes	185	120	-80	0.022	0.069	238	205	575	1696	2727	75	1133	1250	1250	1175	2875	2333	1867
Ruth-guto-1	8	F	L2	guto	u	t	85	444	29	21	1yes	1yes	38	130	-80	0.022	0.078	215	210	402	2599	3230	80	833	833	875	1233	1400	1360	833
Ruth-pecyn-1	8	F	L2	pecyn	e	k	96	454	38	22	1yes	1yes	86	79	-79	0.015	0.11	231	210	716	2011	3036	74	1467	1350	1625	3400	3033	3057	3333
Ruth-llety-1	8	F	L2	llety	e	t	97	338	36	23	1yes	1yes	50	99	-80	0.028	0.08	216	199	685	2074	2907	75	1200	1325	1200	2375	4033	3333	1575
Ruth-dadl-1	8	F	L2	dadl	a	d	99	361	39	23	1yes	1yes	116	10	-79	0.018	0.087	221	194	578	1681	2566	75	1300	1500	1950	1625	1775	1700	2350
Ruth-cwt-1	8	F	L2	cwt	w	t	129	291	35	24	1yes	1yes	76	181	-18	0.011	0.104	232	201	502	1182	2880	81	940	1240	1160	1120	800	867	2050
Ruth-sut-1	8	F	L2	sut	u	t	151	328	55	26	1yes	1yes	94	199	-16	0.012	0.084	219	202	463	2310	3151	80	1067	1133	1050	1217	1840	1570	2150
Ruth-patrwm-1	8	F	L2	patrwm	a	tr	82	482	30	27	1yes	1yes	36	134	-79	0.018	0.096	232	203	728	1645	2770	75	1433	1200	1400	1650	2500	1980	4125
Ruth-diogel-1	8	F	L2	diogel	io	g	141	509	40	27	1yes	1yes	93	24	-80	0.024	0.125	223	209	459	1799	2753	82	860	1017	1240	900	1500	1314	1050
Ruth-picio-1	8	F	L2	picio	i	kj	61	453	0	28	2no	1yes	100	100	-80	0.027	0.134	241	216	390	2469	3169	77	950	900	867	1150	2900	0	1900
Ruth-meipen-1	8	F	L2	meipen	ei	p	102	510	22	29	1yes	1yes	114	67	-80	0.013	0.055	216	209	435	2486	3166	77	1375	875	1000	1050	2033	1967	2760
Ruth-tocyn-1	8	F	L2	tocyn	o	k	84	560	29	29	1yes	1yes	88	109	-80	0.019	0.109	246	212	694	1628	2821	78	1067	1300	1250	1200	3067	2320	2820
Ruth-paced-1	8	F	L2	paced	a	k	103	561	46	29	1yes	1yes	94	44	-66	0.017	0.081	228	207	751	1718	2833	74	1575	1225	1550	1600	2600	2175	2620
Ruth-cip-1	8	F	L2	cip	i	p	116	258	53	29	1yes	1yes	136	83	-20	0.017	0.085	232	199	552	2478	3150	78	1025	1160	1150	1440	2800	1920	2260
Ruth-cacen-1	8	F	L2	cacen	a	k	95	536	31	31	1yes	1yes	75	64	-80	0.017	0.137	226	207	919	1630	2659	77	1300	1250	1425	2175	3133	2940	2900
Ruth-potel-1	8	F	L2	potel	o	t	91	462	28	33	1yes	1yes	36	118	-79	0.012	0.112	229	208	536	1342	2930	77	967	975	800	1200	1767	1480	3233
Ruth-twp-1	8	F	L2	twp	w	p	130	230	32	33	1yes	1yes	122	65	-18	0.014	0.081	231	210	491	983	2926	77	960	1260	1280	1000	1040	1040	1633
Ruth-cacen-2	8	F	L2	cacen	a	k	81	480	29	35	1yes	1yes	72	69	-80	0.019	0.123	228	204	646	1576	2478	78	1467	1533	1200	2600	3500	3440	3317
Ruth-lwc-1	8	F	L2	lwc	w	k	127	220	41	37	1yes	1yes	101	72	-14	0.013	0.094	194	183	470	1265	3059	78	1120	1080	1060	780	750	729	817
Ruth-eto-1	8	F	L2	eto	e	t	86	447	44	38	1yes	1yes	61	117	-79	0.028	0.123	206	201	837	1976	2960	75	1667	1633	2125	3433	4400	3475	2871
Ruth-betws-1	8	F	L2	betws	e	t	107	624	42	41	1yes	1yes	41	128	-62	0.016	0.093	217	206	643	1882	2661	78	1275	1350	1650	2700	3733	3271	3943
Ruth-lapio-1	8	F	L2	lapio	a	pj	67	413	32	42	1yes	1yes	96	79	-80	0.017	0.117	209	202	567	1429	2702	78	1950	2033	1267	1650	2850	2020	2900
Ruth-toc-1	8	F	L2	toc	o	k	136	286	40	43	1yes	1yes	118	114	-5	0.01	0.089	230	205	508	1260	2700	76	1000	1220	1267	920	1440	1300	3075
Ruth-dagr-1	8	F	L2	dagr	a	g	106	518	52	43	1yes	1yes	106	19	-80	0.013	0.091	211	204	662	1770	2658	78	1375	1800	1450	2080	2867	2267	2750
Ruth-brat-1	8	F	L2	brat	a	t	118	418	24	46	1yes	1yes	199	163	-7	0.023	0.074	205	194	807	1621	2583	73	1650	1600	1720	1650	1920	1950	1863
Ruth-tatws-1	8	F	L2	tatws	a	t	80	534	21	48	1yes	1yes	60	96	-68	0.023	0.106	244	215	814	1726	2702	78	1333	1700	1733	1733	1833	1867	3767
Ruth-clec-1	8	F	L2	clec	e	k	108	287	31	48	1yes	1yes	118	111	-5	0.028	0.114	193	180	737	1685	2757	74	1250	1475	1400	1420	2350	2260	2233
Ruth-het-1	8	F	L2	het	e	t	166	328	61	49	1yes	1yes	80	188	-13	0.015	0.059	224	192	660	1994	2845	75	1467	1971	2000	1371	2867	2136	2633
Ruth-blodyn-1	8	F	L2	blodyn	lo	d	93	456	7	51	1yes	1yes	121	9	-80	0.021	0.095	236	223	501	1053	2733	81	900	925	1250	1267	750	0	2444
Ruth-tap-1	8	F	L2	tap	a	p	180	312	52	52	1yes	1yes	152	97	-1	0.014	0.06	240	203	641	1654	2731	76	1871	1457	2200	2029	3743	3378	2711
Ruth-brat-2	8	F	L2	brat	ra	t	NA	296	54	52	1yes	1yes	58	176	-6	0.012	0.081	203	195	581	1629	2569	76	1100	1567	1571	1233	2633	2050	2867
Ruth-cic-1	8	F	L2	cic	i	k	150	326	52	53	1yes	1yes	174	88	-9	0.015	0.107	241	192	461	2362	2977	78	1117	1150	1100	1883	2700	2456	2880
Ruth-hac-1	8	F	L2	hac	a	k	145	293	41	54	1yes	1yes	118	111	-1	0.027	0.081	226	202	818	1559	2663	74	1540	1833	1633	1333	3560	2900	3020
Ruth-cot-1	8	F	L2	cot	o	t	177	332	49	68	1yes	1yes	87	167	-3	0.013	0.07	233	195	553	1202	2587	78	1214	1471	1514	1400	1517	1467	1662
